-1.7628e-07	0.081076
0.0098	0.081744
0.0196	0.082422
0.0294	0.08311
0.0392	0.083808
0.049	0.084516
0.0588	0.085234
0.0686	0.085964
0.0784	0.086704
0.0882	0.087455
0.098	0.088218
0.1078	0.088992
0.1176	0.089779
0.1274	0.090577
0.1372	0.091388
0.147	0.092211
0.1568	0.093048
0.1666	0.093898
0.1764	0.094761
0.1862	0.095638
0.196	0.09653
0.2058	0.097436
0.2156	0.098356
0.2254	0.099292
0.2352	0.10024
0.245	0.10121
0.2548	0.10219
0.2646	0.10319
0.2744	0.10421
0.2842	0.10525
0.294	0.1063
0.3038	0.10737
0.3136	0.10846
0.3234	0.10957
0.3332	0.1107
0.343	0.11185
0.3528	0.11302
0.3626	0.11421
0.3724	0.11542
0.3822	0.11666
0.392	0.11792
0.4018	0.1192
0.4116	0.12051
0.4214	0.12184
0.4312	0.12319
0.441	0.12458
0.4508	0.12599
0.4606	0.12743
0.4704	0.12889
0.4802	0.13039
0.49	0.13191
0.4998	0.13347
0.5096	0.13506
0.5194	0.13668
0.5292	0.13834
0.539	0.14003
0.5488	0.14175
0.5586	0.14352
0.5684	0.14532
0.5782	0.14716
0.588	0.14904
0.5978	0.15096
0.6076	0.15293
0.6174	0.15494
0.6272	0.157
0.637	0.1591
0.6468	0.16125
0.6566	0.16345
0.6664	0.16571
0.6762	0.16802
0.686	0.17038
0.6958	0.1728
0.7056	0.17529
0.7154	0.17783
0.7252	0.18044
0.735	0.18311
0.7448	0.18585
0.7546	0.18867
0.7644	0.19156
0.7742	0.19452
0.784	0.19756
0.7938	0.20069
0.8036	0.2039
0.8134	0.2072
0.8232	0.2106
0.833	0.21409
0.8428	0.21768
0.8526	0.22137
0.8624	0.22518
0.8722	0.22909
0.882	0.23313
0.8918	0.23728
0.9016	0.24157
0.9114	0.24599
0.9212	0.25055
0.931	0.25525
0.9408	0.26011
0.9506	0.26513
0.9604	0.27032
0.9702	0.27568
0.98	0.28123
0.9898	0.28696
0.9996	0.29291
1.0094	0.29906
1.0192	0.30544
1.029	0.31205
1.0388	0.31891
1.0486	0.32604
1.0584	0.33343
1.0682	0.34112
1.078	0.34911
1.0878	0.35743
1.0976	0.36609
1.1074	0.37511
1.1172	0.38451
1.127	0.39432
1.1368	0.40455
1.1466	0.41525
1.1564	0.42643
1.1662	0.43813
1.176	0.45037
1.1858	0.4632
1.1956	0.47666
1.2054	0.49078
1.2152	0.50561
1.225	0.5212
1.2348	0.5376
1.2446	0.55487
1.2544	0.57307
1.2642	0.59227
1.274	0.61254
1.2838	0.63395
1.2936	0.65658
1.3034	0.68053
1.3132	0.70589
1.323	0.73276
1.3328	0.76123
1.3426	0.79143
1.3524	0.82345
1.3622	0.85743
1.372	0.89347
1.3818	0.93168
1.3916	0.97216
1.4014	1.015
1.4112	1.0603
1.421	1.1082
1.4308	1.1585
1.4406	1.2114
1.4504	1.2668
1.4602	1.3246
1.47	1.3846
1.4798	1.4467
1.4896	1.5106
1.4994	1.576
1.5092	1.6426
1.519	1.71
1.5288	1.7779
1.5386	1.8459
1.5484	1.9135
1.5582	1.9805
1.568	2.0466
1.5778	2.1115
1.5876	2.1751
1.5974	2.2374
1.6072	2.2982
1.617	2.3579
1.6268	2.4166
1.6366	2.4746
1.6464	2.5323
1.6562	2.59
1.666	2.648
1.6758	2.7066
1.6856	2.7659
1.6954	2.8261
1.7052	2.887
1.715	2.9486
1.7248	3.0105
1.7346	3.0726
1.7444	3.1344
1.7542	3.1956
1.764	3.2559
1.7738	3.3149
1.7836	3.3723
1.7934	3.4278
1.8032	3.4812
1.813	3.532
1.8228	3.5801
1.8326	3.6252
1.8424	3.6669
1.8522	3.705
1.862	3.7393
1.8718	3.7695
1.8816	3.7958
1.8914	3.8179
1.9012	3.8362
1.911	3.8508
1.9208	3.8622
1.9306	3.8708
1.9404	3.8774
1.9502	3.8825
1.96	3.8869
1.9698	3.891
1.9796	3.8955
1.9894	3.9007
1.9992	3.9069
2.009	3.9141
2.0188	3.9225
2.0286	3.9319
2.0384	3.9422
2.0482	3.9529
2.058	3.9638
2.0678	3.9743
2.0776	3.9838
2.0874	3.9918
2.0972	3.9974
2.107	4
2.1168	3.9987
2.1266	3.9928
2.1364	3.9817
2.1462	3.965
2.156	3.9421
2.1658	3.9131
2.1756	3.8779
2.1854	3.8367
2.1952	3.79
2.205	3.7381
2.2148	3.6817
2.2246	3.6212
2.2344	3.5572
2.2442	3.49
2.254	3.42
2.2638	3.3475
2.2736	3.2728
2.2834	3.1959
2.2932	3.1171
2.303	3.0367
2.3128	2.9551
2.3226	2.8725
2.3324	2.7896
2.3422	2.7066
2.352	2.6241
2.3618	2.5425
2.3716	2.4622
2.3814	2.3833
2.3912	2.306
2.401	2.2306
2.4108	2.1571
2.4206	2.0855
2.4304	2.0159
2.4402	1.9483
2.45	1.8827
2.4598	1.8194
2.4696	1.7582
2.4794	1.6994
2.4892	1.643
2.499	1.5893
2.5088	1.5382
2.5186	1.49
2.5284	1.4446
2.5382	1.4021
2.548	1.3626
2.5578	1.3261
2.5676	1.2925
2.5774	1.2617
2.5872	1.2338
2.597	1.2086
2.6068	1.1861
2.6166	1.1662
2.6264	1.1487
2.6362	1.1337
2.646	1.121
2.6558	1.1104
2.6656	1.102
2.6754	1.0956
2.6852	1.091
2.695	1.0882
2.7048	1.0871
2.7146	1.0876
2.7244	1.0896
2.7342	1.0931
2.744	1.098
2.7538	1.1043
2.7636	1.112
2.7734	1.1212
2.7832	1.1318
2.793	1.144
2.8028	1.1576
2.8126	1.1728
2.8224	1.1894
2.8322	1.2075
2.842	1.2269
2.8518	1.2475
2.8616	1.2691
2.8714	1.2917
2.8812	1.3149
2.891	1.3386
2.9008	1.3626
2.9106	1.3867
2.9204	1.4109
2.9302	1.435
2.94	1.4589
2.9498	1.4827
2.9596	1.5061
2.9694	1.5294
2.9792	1.5522
2.989	1.5747
2.9988	1.5966
3.0086	1.618
3.0184	1.6387
3.0282	1.6585
3.038	1.6776
3.0478	1.6957
3.0576	1.7128
3.0674	1.7289
3.0772	1.7438
3.087	1.7574
3.0968	1.7695
3.1066	1.7801
3.1164	1.7889
3.1262	1.7959
3.136	1.8009
3.1458	1.8041
3.1556	1.8053
3.1654	1.8048
3.1752	1.8026
3.185	1.7989
3.1948	1.7939
3.2046	1.7877
3.2144	1.7804
3.2242	1.7722
3.234	1.7632
3.2438	1.7537
3.2536	1.7436
3.2634	1.7332
3.2732	1.7225
3.283	1.7117
3.2928	1.7009
3.3026	1.6899
3.3124	1.679
3.3222	1.6679
3.332	1.6569
3.3418	1.6459
3.3516	1.6349
3.3614	1.624
3.3712	1.6134
3.381	1.6031
3.3908	1.5933
3.4006	1.5841
3.4104	1.5756
3.4202	1.5678
3.43	1.5608
3.4398	1.5546
3.4496	1.5491
3.4594	1.5444
3.4692	1.5402
3.479	1.5365
3.4888	1.533
3.4986	1.5297
3.5084	1.5262
3.5182	1.5225
3.528	1.5183
3.5378	1.5137
3.5476	1.5085
3.5574	1.5026
3.5672	1.4961
3.577	1.489
3.5868	1.4813
3.5966	1.473
3.6064	1.4642
3.6162	1.455
3.626	1.4455
3.6358	1.4356
3.6456	1.4257
3.6554	1.4156
3.6652	1.4057
3.675	1.3959
3.6848	1.3863
3.6946	1.3771
3.7044	1.3683
3.7142	1.36
3.724	1.3521
3.7338	1.3448
3.7436	1.3381
3.7534	1.332
3.7632	1.3265
3.773	1.3217
3.7828	1.3177
3.7926	1.3145
3.8024	1.3121
3.8122	1.3106
3.822	1.3102
3.8318	1.3108
3.8416	1.3125
3.8514	1.3155
3.8612	1.3197
3.871	1.3251
3.8808	1.3318
3.8906	1.3398
3.9004	1.349
3.9102	1.3595
3.92	1.3712
3.9298	1.384
3.9396	1.398
3.9494	1.4132
3.9592	1.4294
3.969	1.4467
3.9788	1.4651
3.9886	1.4844
3.9984	1.5046
4.0082	1.5257
4.018	1.5476
4.0278	1.5703
4.0376	1.5936
4.0474	1.6176
4.0572	1.6422
4.067	1.6676
4.0768	1.6936
4.0866	1.7206
4.0964	1.7485
4.1062	1.7777
4.116	1.8082
4.1258	1.8404
4.1356	1.8745
4.1454	1.9106
4.1552	1.9492
4.165	1.9903
4.1748	2.0343
4.1846	2.0813
4.1944	2.1314
4.2042	2.1847
4.214	2.2413
4.2238	2.301
4.2336	2.3637
4.2434	2.4293
4.2532	2.4975
4.263	2.5679
4.2728	2.6401
4.2826	2.7138
4.2924	2.7882
4.3022	2.863
4.312	2.9374
4.3218	3.0107
4.3316	3.0822
4.3414	3.1512
4.3512	3.2168
4.361	3.2784
4.3708	3.3352
4.3806	3.3866
4.3904	3.4324
4.4002	3.472
4.41	3.5055
4.4198	3.5326
4.4296	3.5535
4.4394	3.5682
4.4492	3.5769
4.459	3.5797
4.4688	3.5768
4.4786	3.5683
4.4884	3.5544
4.4982	3.5353
4.508	3.5112
4.5178	3.4826
4.5276	3.4498
4.5374	3.4133
4.5472	3.3734
4.557	3.3308
4.5668	3.2859
4.5766	3.2393
4.5864	3.1915
4.5962	3.1428
4.606	3.0937
4.6158	3.0446
4.6256	2.9957
4.6354	2.9472
4.6452	2.8994
4.655	2.8522
4.6648	2.8058
4.6746	2.7601
4.6844	2.7149
4.6942	2.6703
4.704	2.6262
4.7138	2.5822
4.7236	2.5385
4.7334	2.4947
4.7432	2.4508
4.753	2.4066
4.7628	2.3622
4.7726	2.3174
4.7824	2.2723
4.7922	2.227
4.802	2.1816
4.8118	2.1364
4.8216	2.0916
4.8314	2.0474
4.8412	2.0042
4.851	1.9623
4.8608	1.9219
4.8706	1.8833
4.8804	1.8467
4.8902	1.8123
4.9	1.7802
4.9098	1.7506
4.9196	1.7236
4.9294	1.6991
4.9392	1.6773
4.949	1.6581
4.9588	1.6416
4.9686	1.6277
4.9784	1.6163
4.9882	1.6072
4.998	1.6003
5.0078	1.5955
5.0176	1.5926
5.0274	1.5913
5.0372	1.5915
5.047	1.5931
5.0568	1.596
5.0666	1.6001
5.0764	1.6056
5.0862	1.6125
5.096	1.6209
5.1058	1.6309
5.1156	1.6428
5.1254	1.6565
5.1352	1.6722
5.145	1.6899
5.1548	1.7098
5.1646	1.7318
5.1744	1.7559
5.1842	1.782
5.194	1.8101
5.2038	1.84
5.2136	1.8715
5.2234	1.9043
5.2332	1.9382
5.243	1.9728
5.2528	2.0076
5.2626	2.0424
5.2724	2.0768
5.2822	2.1104
5.292	2.143
5.3018	2.1742
5.3116	2.204
5.3214	2.2324
5.3312	2.2591
5.341	2.2844
5.3508	2.3083
5.3606	2.331
5.3704	2.3526
5.3802	2.3733
5.39	2.3934
5.3998	2.4131
5.4096	2.4325
5.4194	2.4519
5.4292	2.4714
5.439	2.4911
5.4488	2.5112
5.4586	2.5317
5.4684	2.5529
5.4782	2.5747
5.488	2.5974
5.4978	2.621
5.5076	2.6456
5.5174	2.6711
5.5272	2.6975
5.537	2.7246
5.5468	2.7522
5.5566	2.7798
5.5664	2.8071
5.5762	2.8336
5.586	2.8587
5.5958	2.882
5.6056	2.9028
5.6154	2.9208
5.6252	2.9355
5.635	2.9466
5.6448	2.9537
5.6546	2.9568
5.6644	2.9557
5.6742	2.9505
5.684	2.9412
5.6938	2.9278
5.7036	2.9106
5.7134	2.8896
5.7232	2.8651
5.733	2.8373
5.7428	2.8066
5.7526	2.7733
5.7624	2.7377
5.7722	2.7004
5.782	2.6619
5.7918	2.6227
5.8016	2.5833
5.8114	2.5442
5.8212	2.5059
5.831	2.4688
5.8408	2.433
5.8506	2.3989
5.8604	2.3666
5.8702	2.3362
5.88	2.3077
5.8898	2.2813
5.8996	2.2571
5.9094	2.2352
5.9192	2.2157
5.929	2.1988
5.9388	2.1847
5.9486	2.1735
5.9584	2.1652
5.9682	2.16
5.978	2.1579
5.9878	2.1586
5.9976	2.1622
6.0074	2.1684
6.0172	2.1769
6.027	2.1875
6.0368	2.1999
6.0466	2.2138
6.0564	2.2289
6.0662	2.2452
6.076	2.2625
6.0858	2.2807
6.0956	2.2996
6.1054	2.3192
6.1152	2.3393
6.125	2.3595
6.1348	2.3796
6.1446	2.3991
6.1544	2.4174
6.1642	2.4341
6.174	2.4487
6.1838	2.4606
6.1936	2.4694
6.2034	2.4748
6.2132	2.4763
6.223	2.4739
6.2328	2.4674
6.2426	2.4568
6.2524	2.4421
6.2622	2.4237
6.272	2.4017
6.2818	2.3764
6.2916	2.3483
6.3014	2.3177
6.3112	2.2852
6.321	2.2511
6.3308	2.216
6.3406	2.1802
6.3504	2.1442
6.3602	2.1083
6.37	2.0729
6.3798	2.0381
6.3896	2.0041
6.3994	1.971
6.4092	1.9388
6.419	1.9073
6.4288	1.8765
6.4386	1.8463
6.4484	1.8166
6.4582	1.7873
6.468	1.7583
6.4778	1.7297
6.4876	1.7014
6.4974	1.6734
6.5072	1.6457
6.517	1.6184
6.5268	1.5913
6.5366	1.5646
6.5464	1.5383
6.5562	1.5124
6.566	1.4868
6.5758	1.4616
6.5856	1.4367
6.5954	1.4122
6.6052	1.388
6.615	1.3641
6.6248	1.3406
6.6346	1.3173
6.6444	1.2944
6.6542	1.2717
6.664	1.2493
6.6738	1.2271
6.6836	1.2051
6.6934	1.1834
6.7032	1.1618
6.713	1.1404
6.7228	1.1192
6.7326	1.0981
6.7424	1.0772
6.7522	1.0565
6.762	1.0359
6.7718	1.0157
6.7816	0.99573
6.7914	0.97617
6.8012	0.95705
6.811	0.93844
6.8208	0.92041
6.8306	0.903
6.8404	0.88623
6.8502	0.87013
6.86	0.8547
6.8698	0.83992
6.8796	0.82578
6.8894	0.81225
6.8992	0.79929
6.909	0.78686
6.9188	0.77494
6.9286	0.76348
6.9384	0.75246
6.9482	0.74183
6.958	0.73161
6.9678	0.72176
6.9776	0.71231
6.9874	0.70328
6.9972	0.69468
7.007	0.68655
7.0168	0.67892
7.0266	0.6718
7.0364	0.66522
7.0462	0.65917
7.056	0.65366
7.0658	0.64867
7.0756	0.64417
7.0854	0.64013
7.0952	0.63651
7.105	0.63324
7.1148	0.63027
7.1246	0.62753
7.1344	0.62494
7.1442	0.62243
7.154	0.61994
7.1638	0.61741
7.1736	0.61479
7.1834	0.61207
7.1932	0.60923
7.203	0.60628
7.2128	0.60323
7.2226	0.60011
7.2324	0.59695
7.2422	0.59378
7.252	0.59061
7.2618	0.58749
7.2716	0.58443
7.2814	0.58144
7.2912	0.57854
7.301	0.57574
7.3108	0.57302
7.3206	0.57037
7.3304	0.56779
7.3402	0.56524
7.35	0.56268
7.3598	0.56008
7.3696	0.55741
7.3794	0.55463
7.3892	0.55172
7.399	0.54867
7.4088	0.54547
7.4186	0.54214
7.4284	0.5387
7.4382	0.53517
7.448	0.53159
7.4578	0.52798
7.4676	0.52437
7.4774	0.52079
7.4872	0.51726
7.497	0.5138
7.5068	0.5104
7.5166	0.50708
7.5264	0.50384
7.5362	0.50066
7.546	0.49754
7.5558	0.49446
7.5656	0.4914
7.5754	0.48834
7.5852	0.48525
7.595	0.48212
7.6048	0.47893
7.6146	0.47568
7.6244	0.47235
7.6342	0.46895
7.644	0.46549
7.6538	0.46195
7.6636	0.45833
7.6734	0.45466
7.6832	0.45092
7.693	0.44713
7.7028	0.44331
7.7126	0.43948
7.7224	0.43567
7.7322	0.4319
7.742	0.42819
7.7518	0.42457
7.7616	0.42103
7.7714	0.41756
7.7812	0.41417
7.791	0.41082
7.8008	0.40751
7.8106	0.40422
7.8204	0.40094
7.8302	0.39767
7.84	0.39439
7.8498	0.39112
7.8596	0.38785
7.8694	0.38457
7.8792	0.38127
7.889	0.37796
7.8988	0.37462
7.9086	0.37125
7.9184	0.36786
7.9282	0.36445
7.938	0.36104
7.9478	0.35764
7.9576	0.35426
7.9674	0.35092
7.9772	0.34761
7.987	0.34432
7.9968	0.34105
8.0066	0.33778
8.0164	0.33449
8.0262	0.33117
8.036	0.32781
8.0458	0.32441
8.0556	0.32098
8.0654	0.31754
8.0752	0.3141
8.085	0.31067
8.0948	0.30726
8.1046	0.30388
8.1144	0.30053
8.1242	0.2972
8.134	0.29388
8.1438	0.29058
8.1536	0.2873
8.1634	0.28406
8.1732	0.28087
8.183	0.27776
8.1928	0.27476
8.2026	0.27189
8.2124	0.26918
8.2222	0.26664
8.232	0.26429
8.2418	0.26211
8.2516	0.2601
8.2614	0.25824
8.2712	0.2565
8.281	0.25486
8.2908	0.25329
8.3006	0.25177
8.3104	0.25031
8.3202	0.24889
8.33	0.24752
8.3398	0.24621
8.3496	0.24497
8.3594	0.2438
8.3692	0.24272
8.379	0.2417
8.3888	0.24075
8.3986	0.23984
8.4084	0.23895
8.4182	0.23805
8.428	0.2371
8.4378	0.2361
8.4476	0.23503
8.4574	0.23389
8.4672	0.23269
8.477	0.23144
8.4868	0.23016
8.4966	0.22888
8.5064	0.22761
8.5162	0.22638
8.526	0.22518
8.5358	0.22402
8.5456	0.22288
8.5554	0.22175
8.5652	0.22061
8.575	0.21945
8.5848	0.21824
8.5946	0.217
8.6044	0.21571
8.6142	0.21439
8.624	0.21306
8.6338	0.21175
8.6436	0.21048
8.6534	0.20926
8.6632	0.20811
8.673	0.20703
8.6828	0.20601
8.6926	0.20505
8.7024	0.2041
8.7122	0.20315
8.722	0.20217
8.7318	0.20114
8.7416	0.20004
8.7514	0.19887
8.7612	0.19762
8.771	0.19633
8.7808	0.195
8.7906	0.19368
8.8004	0.19238
8.8102	0.19112
8.82	0.18994
8.8298	0.18883
8.8396	0.1878
8.8494	0.18683
8.8592	0.18591
8.869	0.18503
8.8788	0.18416
8.8886	0.18328
8.8984	0.18238
8.9082	0.18146
8.918	0.18052
8.9278	0.17957
8.9376	0.17862
8.9474	0.1777
8.9572	0.17681
8.967	0.17599
8.9768	0.17525
8.9866	0.17457
8.9964	0.17397
9.0062	0.17343
9.016	0.17292
9.0258	0.17244
9.0356	0.17196
9.0454	0.17145
9.0552	0.1709
9.065	0.17032
9.0748	0.16969
9.0846	0.16903
9.0944	0.16836
9.1042	0.1677
9.114	0.16707
9.1238	0.1665
9.1336	0.16599
9.1434	0.16555
9.1532	0.16518
9.163	0.16486
9.1728	0.16459
9.1826	0.16433
9.1924	0.16405
9.2022	0.16374
9.212	0.16336
9.2218	0.16291
9.2316	0.16238
9.2414	0.16177
9.2512	0.16109
9.261	0.16037
9.2708	0.15962
9.2806	0.15885
9.2904	0.1581
9.3002	0.15735
9.31	0.15661
9.3198	0.15588
9.3296	0.15513
9.3394	0.15434
9.3492	0.15349
9.359	0.15257
9.3688	0.15154
9.3786	0.15041
9.3884	0.14917
9.3982	0.14784
9.408	0.14645
9.4178	0.14502
9.4276	0.14359
9.4374	0.1422
9.4472	0.14089
9.457	0.13969
9.4668	0.13863
9.4766	0.13774
9.4864	0.13702
9.4962	0.13648
9.506	0.13612
9.5158	0.13591
9.5256	0.13583
9.5354	0.13585
9.5452	0.13592
9.555	0.13601
9.5648	0.13606
9.5746	0.13602
9.5844	0.13586
9.5942	0.13555
9.604	0.13505
9.6138	0.13437
9.6236	0.1335
9.6334	0.13248
9.6432	0.13133
9.653	0.1301
9.6628	0.12883
9.6726	0.12757
9.6824	0.12636
9.6922	0.12526
9.702	0.12429
9.7118	0.1235
9.7216	0.1229
9.7314	0.12251
9.7412	0.12235
9.751	0.1224
9.7608	0.12267
9.7706	0.12314
9.7804	0.12379
9.7902	0.12458
9.8	0.12547
