1.2201	5.109e-27
1.3704	1.0815e-26
1.3942	3.6047e-27
1.4451	5.5005e-27
1.4589	1.2626e-26
1.4652	5.1705e-27
1.512	1.5515e-25
1.5248	1.2036
1.5564	6.5317e-27
1.6063	1.1833e-25
1.6106	1.5471e-26
1.6365	3.3843e-26
1.6673	1.1081
1.6887	1.4718e-23
1.6937	1.1193
1.7496	1.0632
1.7574	1.0553
1.7614	0.94061
1.803	0.8733
1.8097	9.6959e-26
1.8237	2.3753e-26
1.8463	1.3834
1.8772	2.1418e-26
1.8924	0.96019
1.9016	1.255
1.905	3.0924e-24
1.9356	0.95179
1.9508	4.9202e-26
1.9664	1.1832
1.9954	1.858e-26
2.0593	9.6657e-26
2.1012	1.2101
2.1188	1.183
2.1673	1.0015e-24
2.1763	1.0101
2.2041	1.1339
2.247	1.1526
2.2884	1.1766
2.3497	1.1516
2.437	0.97882
2.6401	7.5592e-27
2.6449	3.4351e-25
2.6497	0.014373
2.8063	0.59775
2.8266	8.8875e-26
2.8442	2.4281e-25
2.8547	0.019258
2.8612	1.5963e-25
2.898	1.7684e-24
2.9029	0.021433
2.9316	5.7247e-25
2.9326	0.23606
2.9438	1.1026e-25
2.9516	0.018386
2.9833	0.51213
3.0134	2.2992e-26
3.0269	7.0787e-28
3.028	1.9565e-25
3.0337	0.012277
3.0366	5.0845e-26
3.055	3.2642e-26
3.0595	4.9466e-26
3.0698	1.4666e-25
3.0734	0.078895
3.0761	0.019372
3.0854	0.63702
3.0904	3.5901e-24
3.101	0.010047
3.1218	7.6773e-27
3.1249	2.6533e-26
3.1278	0.014909
3.1423	5.0664e-26
3.1463	9.5857e-27
3.1483	1.086e-25
3.151	0.021123
3.1538	0.029343
3.1564	0.56189
3.1581	9.0835e-25
3.1597	7.4961e-24
3.1598	0.0027983
3.1732	0.40633
3.1818	0.15445
3.184	1.675e-23
3.1842	0.00089154
3.1862	0.49119
3.2011	1.2105e-24
3.2014	0.60447
3.2141	0.043591
3.2503	7.7367e-25
3.2515	8.0649e-26
3.2547	0.016556
3.2613	0.033195
3.2651	9.9147e-26
3.2683	0.42357
3.2845	0.10405
3.3136	1.8852e-24
3.3151	0.51662
3.3155	5.4737e-23
3.316	0.0071238
3.3233	1.623e-25
3.3281	0.039122
3.3284	0.019088
3.3305	2.1723e-25
3.3336	1.8855e-25
3.3341	1.7249e-24
3.3347	0.022662
3.3404	0.014047
3.349	5.3842e-21
3.349	0.11743
3.3574	0.053627
3.4021	5.8382e-27
3.4087	0.018098
3.4123	1.9755e-25
3.4192	0.013813
3.4351	3.6096e-26
3.4418	2.0841e-25
3.4448	1.0646e-25
3.4521	0.025299
3.4533	3.9119e-26
3.4572	2.3546e-25
3.4588	0.07223
3.4601	0.046506
3.4613	0.020894
3.4696	0.038253
3.4768	1.6661e-26
3.4887	3.6145e-21
3.4887	0.03008
3.4994	0.036771
3.5003	5.8355e-25
3.5063	0.028074
3.5163	9.5265e-26
3.5247	1.569e-24
3.5252	0.023476
3.5301	0.013731
3.5505	1.1634e-25
3.5516	2.0559e-26
3.5526	0.0028725
3.5619	0.020504
3.5654	1.715e-25
3.5719	2.8918e-24
3.5741	0.011245
3.5766	7.5171e-25
3.5817	8.1588e-26
3.5823	0.029031
3.5847	5.0874e-26
3.5923	2.1e-25
3.5928	0.026355
3.5935	4.2622e-25
3.6031	0.0033954
3.6037	0.039249
3.6109	2.4703e-25
3.6187	0.085761
3.6202	7.0325e-25
3.6209	4.9864e-25
3.627	0.093965
3.6273	0.03667
3.6282	2.119e-24
3.6353	0.22738
3.6375	1.1812e-24
3.639	2.7153e-25
3.6438	0.029945
3.6498	0.03524
3.6547	0.045824
3.6567	0.094296
3.6603	4.2933e-25
3.6616	1.4325e-25
3.6693	0.072794
3.6798	5.7584e-25
3.6815	0.0057683
3.6818	1.3387e-25
3.6839	0.0059919
3.6909	3.4264e-25
3.6989	0.011593
3.6996	0.12891
3.7098	4.9035e-25
3.7124	0.0056371
3.7131	5.7999e-26
3.7264	6.9088e-25
3.7274	0.0042256
3.7284	0.037316
3.7398	7.4276e-26
3.7539	0.016898
3.7645	5.6244e-26
3.7726	2.6432e-27
3.774	3.8661e-25
3.7753	0.013036
3.7767	7.8141e-25
3.7822	0.042268
3.7855	0.036421
3.8035	0.13718
3.8089	5.6285e-26
3.8196	2.2985e-25
3.82	4.5366e-26
3.8256	0.019368
3.8267	1.5683e-24
3.8276	1.915e-24
3.829	0.0037088
3.8338	0.10594
3.8359	0.037919
3.8388	0.02297
3.8395	4.9016e-25
3.8406	1.1337e-25
3.8449	2.0287e-25
3.8495	0.019679
3.8518	0.068186
3.8858	1.7719e-26
3.8916	0.032426
3.9004	3.22e-26
3.9016	1.4649e-25
3.9023	0.0078742
3.9109	0.01472
3.9144	6.1979e-26
3.9161	7.0503e-26
3.9208	0.011125
3.9245	6.0119e-25
3.9252	3.4989e-24
3.9258	0.0018671
3.9272	0.014987
3.9282	2.0628e-25
3.9373	0.0089898
3.9431	0.12392
3.9567	2.0127e-24
3.9568	0.15533
3.9604	4.0428e-25
3.961	0.0027322
3.9621	0.01686
3.9624	1.4553e-23
3.9733	7.2867e-26
3.9881	1.1942e-25
3.9944	1.6601e-27
3.9982	0.10789
3.9997	1.009e-23
4.0016	0.0079974
4.0025	1.3493e-25
4.005	3.5799e-26
4.0096	1.9343e-26
4.0168	0.014275
4.0193	0.058762
4.0212	3.3966e-25
4.0219	0.014944
4.0307	4.4338e-25
4.0324	0.0088448
4.0388	0.019282
4.045	0.076795
4.0458	1.184e-24
4.0496	6.5637e-25
4.052	0.0058022
4.0529	1.3085e-24
4.0575	0.023502
4.065	2.9897e-24
4.0657	0.018797
4.0663	3.3588e-25
4.0678	0.0093277
4.0736	0.29308
4.0768	1.0238e-24
4.0793	0.0060596
4.0912	5.7489e-25
4.0937	1.6638e-25
4.0944	0.012678
4.1015	4.9706e-27
4.107	1.5936e-26
4.1152	3.3303e-26
4.1235	5.435e-26
4.1364	0.024213
4.1365	0.018986
4.1371	0.18555
4.1527	7.6002e-28
4.166	9.891e-28
4.1694	0.010482
4.1749	0.097527
4.1762	2.2715e-23
4.1786	2.1207e-26
4.189	8.0734e-25
4.1908	0.073573
4.1993	2.5626e-25
4.2016	0.049407
4.2045	2.1022e-25
4.2201	0.11125
4.2256	0.14333
4.2262	1.159e-23
4.2271	0.030933
4.2344	1.3068e-26
4.2396	0.011924
4.244	3.6378e-25
4.2622	7.2063e-25
4.2636	0.013569
4.2654	0.012301
4.2672	5.7314e-26
4.2792	5.9829e-26
4.2822	0.0037713
4.2972	4.563e-26
4.2993	2.1271e-26
4.308	0.0394
4.3134	3.4738e-25
4.3277	0.29575
4.3408	0.18958
4.342	7.9912e-25
4.345	2.5342e-25
4.3494	4.1013e-25
4.3504	0.028959
4.3625	0.41861
4.3625	0.092774
4.3641	0.20509
4.3667	6.4438e-24
4.3725	2.3973e-23
4.3727	0.00036154
4.3731	1.586
4.3764	0.16017
4.3844	2.8479e-25
4.3878	0.1886
4.3922	0.21433
4.4001	5.6577e-25
4.4059	6.712e-21
4.406	1.3969
4.4107	9.4077e-24
4.4321	2.0028e-25
4.4373	3.7472e-25
4.4402	1.3934e-22
4.4405	1.6735
4.4418	8.6301e-22
4.4424	0.55305
4.4497	8.2058e-24
4.4506	0.0010678
4.4508	1.259e-24
4.4525	0.0043623
4.455	2.3509e-25
4.4572	0.011272
4.4651	9.5938e-27
4.4689	0.085625
4.4711	0.11679
4.4833	0.19315
4.4925	3.8321e-25
4.4994	0.81889
4.4994	1.362
4.5012	0.012086
4.503	0.066558
4.5113	2.6011e-25
4.5241	1.0589e-25
4.5267	1.8422e-24
4.528	0.026929
4.5324	3.1623e-25
4.5369	0.010775
4.5383	2.6165e-24
4.5489	2.2089e-24
4.55	0.0042325
4.556	3.6558e-25
4.5629	4.1546e-25
4.5636	0.0081864
4.5721	0.33202
4.5725	7.855e-23
4.5772	0.26825
4.5813	0.33816
4.6025	1.2723e-26
4.6318	1.2134e-25
4.6379	8.6172e-23
4.6387	1.4512
4.6423	0.024856
4.6442	3.8323e-23
4.6447	0.054537
4.6478	0.013329
4.6492	0.7705
4.6764	1.1731
4.6865	1.5636e-25
4.6928	9.7023e-26
4.7088	0.2065
4.7238	0.80888
4.7261	2.4975e-24
4.7277	0.0076749
4.7368	2.3433e-23
4.737	0.0021753
4.7414	0.40464
4.7455	1.8838e-24
4.7489	1.0595
4.7567	1.4286e-24
4.7574	0.0025096
4.7707	0.59156
4.8031	1.7139e-24
4.8103	0.13647
4.8292	1.2904e-26
4.8335	1.3665e-23
4.8336	0.00031527
4.8377	0.061912
4.8383	2.3285e-23
4.8449	9.1035e-25
4.8476	0.011684
4.859	0.12699
4.8778	1.057e-24
4.8868	1.0396e-25
4.8873	8.8234e-26
4.8878	0.0018177
4.8886	1.7083e-24
4.8898	0.0043864
4.8997	0.32327
4.9031	0.21076
4.9268	1.1217e-24
4.9288	0.013145
4.999	2.7828e-26
5	0.0061249
5.0342	2.5379e-24
5.0346	0.0017929
5.0445	1.1695e-25
5.0493	0.015866
5.0571	8.1327e-25
5.0572	1.4163e-25
5.0597	0.010513
5.0803	1.2174e-23
5.0805	0.0012203
5.0835	0.056107
5.1788	4.8524e-26
5.179	0.00091215
5.1818	4.949e-27
5.1838	6.5486e-26
5.2139	4.3707e-25
5.215	0.0021807
5.2232	1.4578e-26
5.2842	2.0393e-27
5.3077	0.0032898
5.3106	2.737e-25
5.324	0.77446
5.3495	9.1712e-26
5.3622	3.6117e-27
5.3761	0.013508
5.3766	0.01406
5.3873	1.0772
5.3904	0.84655
5.3952	6.8373e-26
5.4101	1.7691e-26
5.4177	1.7843e-27
5.4301	1.1418e-25
5.4382	0.00081196
5.439	4.9617e-25
5.4591	6.0587e-26
5.4725	0.821
5.4735	1.3299e-24
5.4941	4.6325e-27
5.5797	1.0356
5.5955	9.7026e-27
5.6124	9.3802e-26
5.6148	0.001216
5.6252	1.0666
5.6333	9.2413e-26
5.6519	1.1967
5.6546	6.9465e-25
5.6564	0.96846
5.6628	1.0431e-25
5.6726	0.029885
5.6771	0.90126
5.6978	9.2745e-26
5.7029	3.2746e-26
5.7116	6.8527e-23
5.712	0.0067698
5.7298	1.0384
5.7361	0.88819
5.7397	0.44341
5.7522	1.1249e-25
5.784	1.8784e-26
5.8051	0.82266
5.817	0.0075675
5.8325	0.13508
5.8444	0.7742
5.8512	0.48003
5.8549	0.63869
5.904	4.0803e-26
5.9234	5.2257e-27
5.9426	8.6646e-26
5.9473	8.7831e-26
5.964	1.5072e-26
5.9866	9.9498e-27
5.9948	1.6558e-23
5.9959	0.14536
6.0121	0.0020992
6.0433	0.23006
6.0516	0.49968
6.0708	0.51704
6.0723	1.1834e-24
6.0855	3.8463e-27
6.1106	0.38898
6.1147	4.3907e-28
6.1247	2.612e-26
6.1277	1.214e-25
6.1347	4.5704e-26
6.165	1.2342e-24
6.1673	0.033366
6.1681	1.0879e-23
6.1693	1.0867e-23
6.1711	0.82498
6.1734	0.26906
6.1747	0.244
6.1951	0.055061
6.2037	1.0027
6.2145	0.20627
6.2239	0.63854
6.2508	0.20912
6.2667	0.26091
6.2929	1.8308e-24
6.3012	0.076829
6.3483	3.4931e-27
6.4244	1.3622e-25
6.4391	0.06526
6.4418	1.6662e-23
6.4421	0.0020849
6.4425	0.46177
6.4545	3.1738e-26
6.5047	4.6532e-27
6.5106	9.865e-27
6.5397	0.23477
6.5465	0.010591
6.5629	0.19672
6.5967	2.9944e-25
6.5971	1.3776e-25
6.5995	0.010959
6.6054	4.652e-26
6.6074	0.010388
6.6102	2.1651e-23
6.6104	0.025715
6.618	0.035858
6.6304	1.9862e-26
6.6426	3.4371e-27
6.6604	1.0654e-25
6.6613	0.0015329
6.6637	0.14661
6.6657	4.3373e-25
6.6678	0.0056998
6.6724	1.3202e-25
6.677	3.4872e-25
6.6779	0.0023654
6.6782	0.0064189
6.7082	8.8603e-27
6.7277	0.0047207
6.7406	9.3076e-26
6.7436	0.0064118
6.7483	0.19997
6.766	1.1712e-27
6.7938	0.12658
6.7968	6.6127e-26
6.8008	0.0083681
6.8221	1.723e-25
6.823	0.0064416
6.8263	1.0166e-25
6.8295	0.014608
6.8369	5.7283e-25
6.8377	0.0060882
6.8492	9.1921e-23
6.8494	0.00072387
6.8643	7.8464e-26
6.8735	0.017428
6.8765	7.3104e-25
6.8803	0.010242
6.9031	9.9132e-25
6.9042	4.7819e-26
6.9049	0.0075876
6.9108	0.0050905
6.9113	1.3371e-24
6.92	3.1365e-25
6.9212	0.0053089
6.9301	0.032648
6.9313	4.7685e-23
6.937	9.8652e-26
6.9434	1.5051e-24
6.9443	0.06793
6.946	0.0061154
6.9599	2.3067e-25
6.9605	0.0027865
6.9765	0.15355
6.9822	1.764e-25
6.9999	0.10045
7.0032	1.5564e-24
7.0038	0.0035787
7.018	3.9883e-25
7.0191	0.0029759
7.0193	2.0502e-25
7.0222	0.0053894
7.0228	1.2324e-25
7.0246	2.0797e-24
7.0253	2.293e-25
7.0261	0.000778
7.0263	0.011606
7.0398	0.065452
7.0411	8.6967e-25
7.0426	8.5428e-25
7.0432	0.0017389
7.0528	0.048632
7.0724	3.2562e-25
7.0759	0.020111
7.0918	2.3915e-25
7.0952	0.014559
7.1035	1.3838e-25
7.1052	1.9662e-25
7.1073	0.024231
7.1107	0.0029497
7.1238	4.4542e-25
7.1242	0.0020489
7.1316	1.7518e-24
7.134	0.012647
7.1363	1.2311e-25
7.1379	8.1878e-26
7.1416	1.004e-24
7.1423	0.026192
7.1424	0.021991
7.1428	9.5447e-23
7.1452	0.011142
7.1468	0.0039668
7.1498	3.5714e-26
7.1624	1.5016e-26
7.1638	0.029128
7.1679	1.9541e-26
7.1693	6.4306e-25
7.1701	0.0022413
7.1772	6.0195e-25
7.1777	0.002454
7.1779	1.7588e-24
7.1791	0.0015135
7.1801	1.0562e-24
7.1813	0.026145
7.1824	0.0023552
7.1891	6.8984e-26
7.1912	3.2988e-26
7.1993	0.0045728
7.1998	0.031831
7.2019	5.1714e-24
7.2032	0.0024228
7.2054	6.7634e-24
7.2066	0.0054279
7.2072	2.0338e-24
7.2073	2.8095e-25
7.2095	0.0086071
7.2115	7.1313e-25
7.2127	0.019375
7.2142	0.017089
7.2194	0.009093
7.229	5.6885e-25
7.2307	0.0070587
7.2313	1.9691e-25
7.2333	1.3793e-24
7.2341	0.0051829
7.2357	0.01297
7.2377	6.4878e-26
7.2378	7.6664e-26
7.2393	3.1127e-25
7.2427	0.0066327
7.2427	0.0054729
7.2555	2.029e-25
7.2612	1.0486e-24
7.2617	0.09047
7.2627	0.0060644
7.2639	0.012383
7.2742	1.2688e-25
7.2773	0.0027311
7.2925	3.3022e-26
7.2941	8.2646e-26
7.2947	3.5211e-26
7.2965	3.596e-23
7.2965	1.8842e-22
7.2967	0.011962
7.2991	0.0068774
7.3004	4.2939e-25
7.301	8.5597e-25
7.3029	2.1481e-24
7.3043	0.0088306
7.3082	0.020471
7.3096	0.017571
7.3098	0.042598
7.3104	0.0073056
7.3112	0.0057002
7.3269	3.4061e-24
7.3272	0.0014489
7.3317	3.1442e-25
7.3384	0.031073
7.3405	1.6609e-24
7.3418	0.0015278
7.3474	3.285e-25
7.3482	0.0046832
7.349	1.4116e-24
7.351	2.4431e-26
7.3534	0.0017039
7.3607	5.6184e-24
7.3609	0.0013399
7.3615	0.055918
7.3646	9.6997e-26
7.3755	3.0597e-26
7.3763	0.014676
7.3772	3.4125e-24
7.3807	0.0046056
7.3852	0.034264
7.3938	1.5001e-25
7.3989	3.2105e-24
7.3989	0.027765
7.4116	3.9833e-24
7.4119	0.034146
7.4121	2.9485e-25
7.4135	5.0129e-25
7.4157	0.01785
7.42	1.196e-25
7.4251	0.02746
7.4258	5.9675e-25
7.4273	0.013949
7.4351	0.010946
7.4443	1.1804e-25
7.4456	0.0024443
7.4509	6.2875e-27
7.4573	0.0328
7.4638	7.0074e-26
7.465	6.6705e-26
7.4658	2.4069e-25
7.4666	0.011112
7.4676	0.0029415
7.4681	1.0908e-24
7.4698	0.02387
7.4699	0.0079849
7.4705	5.336e-25
7.4722	0.0086747
7.4765	1.5377e-25
7.4769	0.00029293
7.4911	1.6306e-26
7.4921	1.6347e-25
7.4944	0.00034813
7.4962	9.4487e-27
7.4977	0.022036
7.4992	5.7272e-25
7.5007	0.0085524
7.5008	3.9012e-23
7.5012	0.0046473
7.5017	0.0045377
7.5044	6.315e-27
7.5123	1.7738e-25
7.5141	0.007289
7.515	0.0029712
7.5151	5.8758e-23
7.5187	4.0087e-24
7.52	0.0061458
7.5233	9.7859e-26
7.5305	0.023777
7.531	0.032564
7.5357	3.572e-26
7.5365	9.361e-26
7.5366	1.4526e-25
7.5384	0.016927
7.5393	1.5118e-25
7.5447	0.0027181
7.5476	0.0071335
7.551	0.0058547
7.5548	0.003395
7.5575	3.7577e-26
7.5631	2.5135e-25
7.565	1.2424e-25
7.5652	6.5548e-22
7.5652	0.0083665
7.5679	0.010113
7.5698	3.8983e-26
7.5707	0.0021495
7.5721	1.0154e-23
7.5724	0.0014188
7.577	3.6046e-25
7.5803	0.0049474
7.5807	0.0095115
7.5831	2.7936e-26
7.5868	0.013035
7.5945	2.2806e-24
7.5962	0.064119
7.5971	3.9253e-25
7.598	0.0016759
7.5991	1.1574e-24
7.6001	1.2185e-22
7.6001	0.0042011
7.604	5.1551e-25
7.606	1.4279e-24
7.6066	0.013014
7.6083	0.005985
7.6091	0.026085
7.6113	1.407e-25
7.6184	0.017926
7.6235	1.0751e-25
7.6277	0.01652
7.6337	1.7901e-27
7.6408	0.0017191
7.6456	9.4393e-28
7.6498	1.6829e-26
7.6527	1.836e-24
7.6536	0.010144
7.655	3.2048e-26
7.6554	0.0126
7.662	1.9112e-25
7.665	0.014128
7.6657	0.0091792
7.6719	8.2981e-24
7.6725	0.0019105
7.6748	3.3567e-26
7.6785	0.0046775
7.6832	0.018882
7.6841	4.361e-24
7.6851	1.5858e-26
7.6882	7.4291e-27
7.689	2.773e-25
7.6898	0.0015619
7.6899	0.0040546
7.6906	0.0046899
7.6977	7.3505e-26
7.6979	0.0075991
7.6987	0.0095301
7.7052	0.025158
7.7091	3.2951e-26
7.7091	5.6294e-26
7.7116	0.010184
7.7214	6.19e-26
7.7224	0.0031339
7.7231	1.2698e-25
7.7258	1.7741e-25
7.7263	2.1904e-25
7.7271	0.00067568
7.7286	0.0054031
7.7384	8.3003e-27
7.7455	0.012814
7.7558	3.6699e-26
7.7577	1.408e-25
7.759	0.0043709
7.7599	1.2684e-25
7.76	1.1029e-25
7.7608	3.7769e-25
7.7618	4.1434e-25
7.7623	0.02029
7.7644	0.0059575
7.766	0.0052796
7.7679	0.0058152
7.7688	0.030075
7.7693	2.2617e-25
7.7747	0.033742
7.7771	0.0086362
7.7771	1.3114e-21
7.7771	0.0082292
7.78	4.9833e-26
7.7832	0.0063178
7.7845	1.2326e-25
7.7885	5.7615e-25
7.7887	0.0011763
7.8007	7.5688e-26
7.8018	0.0022493
7.8037	1.7604e-25
7.8046	0.0009994
7.8123	0.011649
7.8124	5.2392e-25
7.8153	3.9231e-26
7.8186	0.021208
7.8227	5.249e-26
7.8279	0.03403
7.8303	2.4865e-26
7.8315	0.0050082
7.8321	1.3267e-24
7.8371	0.01256
7.8391	0.013843
7.8397	1.9294e-24
7.8403	0.00088495
7.8438	2.8054e-26
7.846	0.0014737
7.8463	1.759e-25
7.847	0.0029744
7.8511	6.5631e-27
7.8526	6.4764e-27
7.8586	4.4215e-26
7.8632	0.0096908
7.8702	8.4637e-27
7.8726	0.011458
7.876	0.011485
7.8763	0.0049252
7.8783	2.9206e-24
7.8808	5.1171e-26
7.8839	0.0079176
7.8849	0.0012496
7.8851	1.504e-26
7.8864	0.0047583
7.8879	4.3652e-25
7.8888	1.0396e-25
7.8926	0.0065183
7.8929	0.019549
7.8971	0.013625
7.9012	1.2077e-24
7.9023	1.1848e-25
7.9026	0.0030816
7.9037	9.5372e-27
7.9053	0.014208
7.9074	8.6058e-25
7.9083	0.0051486
7.9144	1.1317e-26
7.9199	0.0088837
7.9218	1.8561e-24
7.9222	0.0013969
7.9357	2.3628e-25
7.9383	3.67e-24
7.9388	0.01198
7.9498	1.698e-23
7.95	0.032125
7.9571	4.4158e-26
7.9591	0.0049227
7.9611	0.0026229
7.9612	3.3103e-24
7.9659	2.1867e-24
7.9663	0.0012832
7.9698	4.4307e-26
7.9726	6.9262e-25
7.975	0.001904
7.9821	5.4791e-24
7.9828	0.024147
7.9913	0.01239
7.9921	1.0386e-24
7.9942	0.0062905
7.9974	1.8883e-25
7.9981	0.0035344
7.9995	0.0063227
8.0011	3.9778e-25
8.0037	0.0070468
8.0058	0.034939
8.007	1.2039e-25
8.0086	0.0042688
8.0111	6.0676e-26
8.0141	6.9078e-26
8.0154	0.0012449
8.0246	5.3368e-27
8.0297	0.010204
8.0329	0.014665
8.0344	4.0536e-25
8.0364	2.2239e-25
8.0385	2.6867e-26
8.0436	0.0022482
8.047	0.035252
8.0484	0.0034588
8.049	2.946e-24
8.0496	1.0246e-24
8.0508	0.00050781
8.0523	3.0369e-25
8.0538	1.392e-26
8.0545	1.7289e-25
8.0566	0.00013553
8.0568	0.0059729
8.0606	0.0032547
8.0788	5.0391e-26
8.079	0.0002744
8.0804	0.051633
8.0819	6.4039e-26
8.0831	2.0595e-26
8.0842	3.7863e-26
8.0862	0.00059207
8.0885	0.010394
8.0964	6.3109e-25
8.0981	0.0063063
8.0998	2.6544e-24
8.1002	0.00018303
8.1008	0.014552
8.1021	9.992e-25
8.1042	0.0049428
8.1042	7.7192e-19
8.1045	1.6339e-24
8.1065	0.012272
8.1082	0.016415
8.1123	4.655e-27
8.1167	4.4875e-26
8.1198	0.00036427
8.1311	4.5264e-25
8.1339	0.013152
8.1356	3.0554e-26
8.1419	2.3676e-23
8.142	5.735e-25
8.1422	0.01697
8.1445	0.0065223
8.1453	0.0043105
8.1457	9.1273e-25
8.1553	0.0089073
8.1575	3.8359e-26
8.1628	0.0022129
8.163	3.7985e-25
8.168	9.8168e-26
8.1687	0.014361
8.1692	0.0031524
8.1828	1.4792e-24
8.1832	0.0020267
8.2007	0.0030473
8.2128	9.7812e-27
8.2175	4.4914e-26
8.2186	2.342e-25
8.2195	0.0025836
8.2199	0.0092296
8.2295	4.6603e-27
8.2327	1.4563e-26
8.2373	0.0028821
8.2437	4.772e-26
8.246	3.9632e-25
8.2473	0.0060673
8.2473	0.0048687
8.2523	5.1496e-26
8.2549	3.6922e-26
8.2571	0.0024469
8.2579	0.0022971
8.2694	3.0059e-25
8.2704	1.0528e-25
8.2707	1.3453e-26
8.272	9.6856e-05
8.2721	0.014621
8.2758	1.248e-24
8.2764	3.2598e-24
8.2768	0.0015124
8.2777	0.0045211
8.286	0.016911
8.2873	4.6381e-25
8.2881	6.531e-22
8.2882	0.028566
8.2919	1.1094e-25
8.2948	0.0030505
8.2971	5.8366e-27
8.2975	0.0084673
8.2993	1.0323e-24
8.2998	0.016521
8.3008	0.007533
8.3016	0.0077523
8.3066	1.6479e-25
8.3083	0.00040471
8.3084	9.1084e-24
8.313	1.8606e-23
8.3131	0.027116
8.3171	8.1424e-23
8.3175	0.039748
8.3184	0.0032099
8.3213	0.0025946
8.3291	7.2814e-26
8.3333	3.198e-24
8.3345	0.0047132
8.336	6.1381e-26
8.3396	0.018065
8.3422	0.0089337
8.353	1.5456e-27
8.3573	3.6061e-25
8.3578	3.6173e-25
8.3584	0.013405
8.3596	0.0023821
8.3614	6.2931e-25
8.3673	0.0054912
8.3683	1.2158e-25
8.3707	0.01358
8.3745	0.018007
8.3752	1.2419e-25
8.379	6.4516e-26
8.3835	5.7812e-27
8.384	0.0014338
8.3853	0.0036478
8.3991	1.6171e-26
8.4003	3.9028e-24
8.4008	0.002168
8.4015	0.0067276
8.4029	0.0061547
8.4128	7.3547e-26
8.4142	1.9546e-23
8.4148	0.0026777
8.4227	1.2692e-26
8.4247	9.4316e-27
8.4289	0.0086634
8.4319	7.7417e-26
8.4323	4.653e-26
8.4346	0.0059452
8.4351	0.01954
8.436	0.0030804
8.4373	1.0119e-25
8.4389	0.0020293
8.4404	0.0115
8.4643	4.2551e-27
8.4649	9.4757e-26
8.4682	0.0027188
8.4684	0.014375
8.4851	9.1253e-27
8.4877	0.00017188
8.5021	8.207e-25
8.5025	0.0017073
8.5025	1.6357e-22
8.5032	0.00025913
8.5106	8.2398e-26
8.5117	1.4144e-25
8.5125	4.8058e-26
8.5131	0.0044246
8.5143	0.0032189
8.5153	0.003728
8.5249	6.0317e-26
8.527	0.0028259
8.5309	1.5108e-25
8.5329	0.0097759
8.5366	4.0979e-26
8.5372	0.00088526
8.5373	6.3828e-25
8.5384	0.0063051
8.5439	2.577e-25
8.5447	2.9932e-25
8.5461	0.0034308
8.55	1.3732e-24
8.551	0.010641
8.5525	1.334e-24
8.5527	0.0096492
8.5585	0.0051422
8.5632	7.2446e-27
8.5659	0.0094789
8.57	1.8786e-25
8.5707	2.2401e-24
8.5713	0.0068281
8.5727	0.005315
8.5847	7.8787e-26
8.5868	0.0054635
8.5872	2.8355e-25
8.5892	0.011064
8.5952	3.6246e-24
8.5955	1.0357e-25
8.5959	0.0029911
8.6028	0.019951
8.6101	1.2763e-25
8.6154	0.012419
8.6167	2.5093e-24
8.6175	0.0027927
8.6245	1.847e-26
8.6292	0.0048599
8.631	1.6491e-26
8.6379	0.023439
8.6475	1.5908e-25
8.6487	0.0015869
8.6505	9.8785e-26
8.6643	0.026523
8.6647	5.3923e-24
8.6656	0.0011093
8.6695	1.1135e-24
8.67	0.00028613
8.6703	2.1287e-26
8.6785	9.8054e-26
8.6822	0.0026252
8.6921	4.1223e-26
8.6953	0.0090686
8.6956	0.0027782
8.6968	5.4925e-25
8.7	3.7749e-26
8.7002	0.00053798
8.7025	0.0086524
8.7043	1.9705e-25
8.7082	0.0067392
8.7105	1.3893e-25
8.7125	1.0473e-26
8.7132	8.0181e-25
8.7132	0.0028677
8.7141	0.0005496
8.7141	0.0050655
8.7213	1.1627e-25
8.7225	1.3757e-23
8.723	0.002115
8.7294	0.0064283
8.7462	3.4395e-25
8.7479	0.0048718
8.7479	2.5369e-22
8.7569	5.8974e-26
8.7585	0.0022182
8.7603	0.029696
8.7616	2.7201e-24
8.7631	0.0063534
8.7752	2.019e-24
8.7756	0.0019762
8.7784	5.3339e-25
8.7798	0.0007504
8.7831	1.3759e-25
8.7836	1.3308e-25
8.7844	0.00047384
8.7859	2.226e-26
8.7862	0.00069952
8.7877	0.0049716
8.794	5.0104e-26
8.7972	0.0094901
8.7978	7.9459e-25
8.7995	0.0017835
8.8045	3.7811e-25
8.8055	0.0016529
8.8345	2.5942e-26
8.8384	1.22e-25
8.8399	0.0047219
8.8418	4.2776e-25
8.8432	0.011542
8.8441	2.2585e-24
8.8457	0.018963
8.8461	5.0955e-24
8.8462	0.0078804
8.8471	0.00022944
8.8539	4.8836e-26
8.8564	0.002571
8.878	7.1535e-27
8.8854	4.0181e-26
8.8856	6.3357e-27
8.8872	0.00072213
8.888	0.028245
8.8894	1.2304e-25
8.8908	0.0019471
8.8962	1.0604e-25
8.8976	0.0073643
8.8986	0.0043156
8.9022	2.7795e-24
8.9025	0.0007861
8.9117	8.4359e-26
8.9134	0.0076563
8.92	2.8925e-25
8.9213	0.0068989
8.932	1.6928e-26
8.9332	1.3879e-26
8.9335	0.00044812
8.9371	0.0014121
8.9378	3.792e-24
8.9388	0.0018967
8.9441	4.6057e-26
8.9456	6.7787e-25
8.9464	0.0010393
8.9497	0.0026097
8.9672	1.5372e-26
8.9681	3.9155e-24
8.9684	0.0010176
8.9755	0.0078522
8.9813	3.2887e-26
9.0004	0.04928
9.0032	7.6883e-26
9.0065	1.1278e-24
9.007	0.0012239
9.0089	4.0961e-26
9.0152	0.000759
9.0182	0.0058116
9.0262	8.8943e-25
9.0282	0.004518
9.0289	1.6621e-25
9.0322	0.00030978
9.0398	5.1877e-25
9.041	0.00087456
9.0445	2.0359e-25
9.0458	0.0026822
9.0465	7.8412e-25
9.0476	0.0051258
9.0541	9.2359e-27
9.0625	1.1268e-26
9.0629	0.0019429
9.0671	0.00010315
9.0805	6.0181e-26
9.0881	0.022307
9.0932	2.5535e-26
9.0981	2.3751e-26
9.0987	0.0017645
9.0996	1.6064e-24
9.1001	0.001728
9.1024	2.4357e-26
9.1062	0.0027051
9.1116	0.00097239
9.1131	4.12e-25
9.1152	0.0054103
9.1165	3.9897e-26
9.1195	0.0037785
9.1259	2.3413e-25
9.1267	0.0026443
9.1355	2.3887e-25
9.1365	0.0053435
9.1365	2.9418e-25
9.1386	0.0034843
9.142	3.6235e-26
9.1458	0.0025745
9.1529	1.0244e-26
9.1552	3.7263e-24
9.1556	0.0015436
9.1667	0.0090074
9.1687	6.9304e-26
9.1699	3.1683e-26
9.1738	0.0023656
9.1742	0.0010102
9.1775	1.5898e-24
9.1789	0.0077411
9.1936	3.1379e-26
9.1954	9.4364e-27
9.2005	0.0064819
9.204	2.7955e-23
9.2041	0.00025341
9.2093	5.6988e-26
9.2139	0.0062162
9.2256	1.0946e-26
9.2304	5.7084e-26
9.232	0.0068414
9.2321	0.0013516
9.234	0.0093467
9.2493	3.212e-24
9.2502	0.0041745
9.2547	7.1349e-26
9.2693	0.020782
9.2706	5.3601e-27
9.2712	1.6281e-25
9.2765	9.0284e-25
9.2767	0.002612
9.2783	0.0050017
9.2793	0.0042017
9.2822	1.1371e-25
9.2873	0.0053592
9.2903	8.9812e-26
9.2919	0.0022339
9.3057	1.7634e-26
9.3099	0.0012679
9.3182	7.3246e-26
9.319	0.0016568
9.3212	4.2893e-24
9.3218	0.0030902
9.3248	9.7237e-28
9.3253	0.0011372
9.3253	3.7175e-21
9.3257	0.0002519
9.3319	2.2243e-25
9.3341	0.0018374
9.3433	1.5953e-24
9.345	0.0027301
9.3505	7.3286e-26
9.3597	0.004995
9.4055	3.9336e-27
9.4074	7.5184e-27
9.4118	3.2368e-25
9.4156	0.0091919
9.4157	3.968e-26
9.418	1.3455e-25
9.4209	0.0016429
9.4216	0.0052667
9.4223	2.7505e-22
9.4224	0.00027565
9.4269	0.0048618
9.4331	0.0083165
9.4341	2.0353e-24
9.4344	0.00080451
9.4351	9.3841e-25
9.4363	8.522e-27
9.4474	1.1393e-25
9.4484	2.1235e-25
9.45	0.0016468
9.45	0.014131
9.4554	0.0084982
9.4604	0.0016174
9.4701	3.1681e-26
9.4708	0.0030053
9.4884	1.6399e-25
9.4907	0.0097953
9.4989	4.9947e-26
9.5039	1.0152e-24
9.505	0.0083715
9.5073	5.0805e-27
9.5098	0.004491
9.5201	4.7527e-26
9.5222	0.0089351
9.5235	3.7996e-25
9.5243	0.0019114
9.5257	0.0067013
9.5815	3.3268e-24
9.5822	0.0033113
9.589	1.3629e-25
9.5901	0.00087436
9.5925	1.4789e-25
9.5931	2.1363e-26
9.5931	3.6974e-27
9.5939	0.001085
9.5967	0.001287
9.5977	0.008557
9.5987	9.7509e-24
9.5988	0.00015883
9.6076	8.3468e-26
9.6086	0.0036258
9.6093	1.8775e-25
9.6111	0.0021805
9.6742	1.2994e-27
9.6806	8.1099e-27
9.684	0.0099791
9.6878	4.1886e-25
9.6926	0.0053741
9.6964	0.0068335
9.7189	8.466e-24
9.719	1.9449e-05
9.7243	2.5824e-26
9.7335	0.0055839
9.7587	2.3835e-24
9.7611	0.01144
9.7686	1.5269e-25
9.7725	0.0070971
9.7799	3.6288e-25
9.7842	0.023189
9.7921	2.6303e-24
9.7926	0.002259
