540	0.016177	0.014752	0.015859	0.01575	0.016624
540.06	0.016304	0.014867	0.015983	0.015874	0.016754
540.12	0.016433	0.014985	0.01611	0.015999	0.016887
540.18	0.016563	0.015104	0.016238	0.016127	0.017021
540.24	0.016696	0.015225	0.016368	0.016256	0.017157
540.3	0.016831	0.015348	0.0165	0.016387	0.017296
540.36	0.016967	0.015472	0.016634	0.01652	0.017436
540.42	0.017106	0.015599	0.01677	0.016655	0.017578
540.48	0.017246	0.015727	0.016908	0.016792	0.017723
540.54	0.017389	0.015857	0.017048	0.016931	0.01787
540.6	0.017534	0.01599	0.01719	0.017072	0.018019
540.66	0.017681	0.016124	0.017334	0.017215	0.01817
540.72	0.017831	0.01626	0.01748	0.017361	0.018323
540.78	0.017982	0.016398	0.017629	0.017508	0.018479
540.84	0.018136	0.016539	0.01778	0.017658	0.018638
540.9	0.018293	0.016681	0.017933	0.017811	0.018798
540.96	0.018452	0.016826	0.018089	0.017965	0.018962
541.02	0.018613	0.016973	0.018247	0.018123	0.019127
541.08	0.018777	0.017123	0.018408	0.018282	0.019296
541.14	0.018944	0.017275	0.018571	0.018444	0.019467
541.2	0.019113	0.017429	0.018737	0.018609	0.019641
541.26	0.019285	0.017586	0.018906	0.018777	0.019818
541.32	0.01946	0.017745	0.019077	0.018947	0.019997
541.38	0.019637	0.017907	0.019251	0.01912	0.02018
541.44	0.019818	0.018072	0.019428	0.019295	0.020365
541.5	0.020001	0.018239	0.019608	0.019474	0.020554
541.56	0.020188	0.01841	0.019791	0.019656	0.020746
541.62	0.020378	0.018583	0.019977	0.019841	0.020941
541.68	0.020571	0.018759	0.020167	0.020029	0.021139
541.74	0.020767	0.018938	0.020359	0.02022	0.021341
541.8	0.020967	0.01912	0.020555	0.020414	0.021546
541.86	0.02117	0.019305	0.020754	0.020612	0.021755
541.92	0.021376	0.019493	0.020956	0.020813	0.021967
541.98	0.021587	0.019685	0.021163	0.021018	0.022183
542.04	0.021801	0.01988	0.021372	0.021226	0.022403
542.1	0.022018	0.020079	0.021586	0.021438	0.022627
542.16	0.02224	0.020281	0.021803	0.021654	0.022855
542.22	0.022466	0.020487	0.022024	0.021874	0.023087
542.28	0.022696	0.020696	0.02225	0.022097	0.023323
542.34	0.02293	0.02091	0.022479	0.022325	0.023563
542.4	0.023168	0.021127	0.022713	0.022557	0.023808
542.46	0.023411	0.021348	0.022951	0.022793	0.024057
542.52	0.023658	0.021574	0.023193	0.023034	0.024312
542.58	0.02391	0.021803	0.02344	0.023279	0.02457
542.64	0.024166	0.022037	0.023692	0.023529	0.024834
542.7	0.024428	0.022276	0.023948	0.023784	0.025103
542.76	0.024695	0.022519	0.02421	0.024044	0.025377
542.82	0.024967	0.022767	0.024476	0.024308	0.025656
542.88	0.025244	0.02302	0.024748	0.024578	0.025941
542.94	0.025526	0.023278	0.025025	0.024854	0.026232
543	0.025815	0.02354	0.025307	0.025134	0.026528
543.06	0.026109	0.023809	0.025596	0.025421	0.02683
543.12	0.026409	0.024082	0.02589	0.025713	0.027138
543.18	0.026715	0.024361	0.02619	0.026011	0.027453
543.24	0.027027	0.024646	0.026496	0.026315	0.027774
543.3	0.027346	0.024937	0.026809	0.026625	0.028102
543.36	0.027672	0.025234	0.027128	0.026942	0.028436
543.42	0.028004	0.025537	0.027454	0.027266	0.028778
543.48	0.028344	0.025847	0.027787	0.027597	0.029127
543.54	0.028691	0.026163	0.028127	0.027934	0.029483
543.6	0.029045	0.026486	0.028474	0.028279	0.029847
543.66	0.029407	0.026816	0.028829	0.028632	0.030219
543.72	0.029777	0.027153	0.029192	0.028992	0.0306
543.78	0.030155	0.027498	0.029562	0.02936	0.030988
543.84	0.030542	0.027851	0.029941	0.029736	0.031385
543.9	0.030937	0.028211	0.030329	0.030121	0.031792
543.96	0.031341	0.02858	0.030726	0.030515	0.032207
544.02	0.031755	0.028958	0.031131	0.030918	0.032633
544.08	0.032178	0.029344	0.031546	0.03133	0.033068
544.14	0.032612	0.029739	0.031971	0.031752	0.033513
544.2	0.033055	0.030143	0.032406	0.032184	0.033968
544.26	0.033509	0.030557	0.032851	0.032626	0.034435
544.32	0.033974	0.030981	0.033307	0.033079	0.034913
544.38	0.034451	0.031416	0.033774	0.033542	0.035402
544.44	0.034939	0.031861	0.034252	0.034018	0.035904
544.5	0.035439	0.032317	0.034743	0.034505	0.036418
544.56	0.035952	0.032784	0.035245	0.035004	0.036945
544.62	0.036477	0.033264	0.035761	0.035516	0.037485
544.68	0.037016	0.033755	0.036289	0.036041	0.038039
544.74	0.03757	0.03426	0.036831	0.036579	0.038608
544.8	0.038137	0.034777	0.037388	0.037132	0.039191
544.86	0.03872	0.035308	0.037959	0.037699	0.039789
544.92	0.039318	0.035854	0.038545	0.038281	0.040404
544.98	0.039932	0.036414	0.039147	0.038879	0.041035
545.04	0.040563	0.036989	0.039766	0.039493	0.041683
545.1	0.041211	0.03758	0.040401	0.040125	0.04235
545.16	0.041877	0.038188	0.041054	0.040773	0.043034
545.22	0.042562	0.038813	0.041726	0.04144	0.043738
545.28	0.043267	0.039455	0.042417	0.042126	0.044462
545.34	0.043992	0.040116	0.043127	0.042832	0.045207
545.4	0.044738	0.040796	0.043859	0.043558	0.045974
545.46	0.045506	0.041497	0.044612	0.044306	0.046763
545.52	0.046297	0.042218	0.045387	0.045076	0.047576
545.58	0.047111	0.042961	0.046186	0.045869	0.048413
545.64	0.047951	0.043726	0.047009	0.046687	0.049276
545.7	0.048816	0.044516	0.047857	0.047529	0.050165
545.76	0.049709	0.04533	0.048732	0.048398	0.051082
545.82	0.05063	0.046169	0.049635	0.049295	0.052029
545.88	0.05158	0.047036	0.050566	0.05022	0.053005
545.94	0.052561	0.047931	0.051528	0.051176	0.054013
546	0.053574	0.048855	0.052522	0.052162	0.055055
546.06	0.054622	0.04981	0.053548	0.053182	0.056131
546.12	0.055704	0.050797	0.05461	0.054236	0.057243
546.18	0.056824	0.051818	0.055707	0.055326	0.058394
546.24	0.057982	0.052874	0.056843	0.056454	0.059584
546.3	0.059181	0.053967	0.058018	0.057621	0.060816
546.36	0.060423	0.0551	0.059236	0.05883	0.062092
546.42	0.061709	0.056273	0.060497	0.060083	0.063415
546.48	0.063043	0.057489	0.061805	0.061381	0.064785
546.54	0.064426	0.058751	0.063161	0.062728	0.066207
546.6	0.065862	0.06006	0.064568	0.064126	0.067682
546.66	0.067352	0.061419	0.066029	0.065577	0.069213
546.72	0.0689	0.06283	0.067546	0.067084	0.070804
546.78	0.070509	0.064298	0.069124	0.068651	0.072458
546.84	0.072183	0.065824	0.070764	0.07028	0.074177
546.9	0.073924	0.067412	0.072472	0.071975	0.075967
546.96	0.075737	0.069065	0.074249	0.073741	0.07783
547.02	0.077626	0.070788	0.076101	0.07558	0.079771
547.08	0.079596	0.072584	0.078032	0.077498	0.081795
547.14	0.081651	0.074457	0.080046	0.079498	0.083907
547.2	0.083795	0.076413	0.082149	0.081587	0.086111
547.26	0.086036	0.078457	0.084346	0.083768	0.088413
547.32	0.088378	0.080593	0.086642	0.086049	0.09082
547.38	0.090829	0.082827	0.089044	0.088435	0.093339
547.44	0.093394	0.085166	0.091559	0.090932	0.095975
547.5	0.096082	0.087617	0.094194	0.093549	0.098737
547.56	0.0989	0.090187	0.096957	0.096293	0.10163
547.62	0.10186	0.092884	0.099856	0.099173	0.10467
547.68	0.10496	0.095716	0.1029	0.1022	0.10786
547.74	0.10823	0.098693	0.1061	0.10537	0.11122
547.8	0.11166	0.10182	0.10947	0.10872	0.11475
547.86	0.11528	0.10512	0.11301	0.11224	0.11846
547.92	0.11909	0.10859	0.11675	0.11595	0.12238
547.98	0.1231	0.11226	0.12068	0.11986	0.1265
548.04	0.12734	0.11612	0.12484	0.12399	0.13086
548.1	0.13182	0.12021	0.12923	0.12835	0.13546
548.16	0.13656	0.12453	0.13387	0.13296	0.14033
548.22	0.14157	0.1291	0.13879	0.13784	0.14548
548.28	0.14687	0.13393	0.14399	0.143	0.15093
548.34	0.1525	0.13906	0.1495	0.14848	0.15671
548.4	0.15846	0.1445	0.15534	0.15428	0.16284
548.46	0.16478	0.15027	0.16155	0.16044	0.16934
548.52	0.1715	0.15639	0.16813	0.16698	0.17624
548.58	0.17864	0.1629	0.17513	0.17393	0.18357
548.64	0.18622	0.16981	0.18256	0.18131	0.19136
548.7	0.19427	0.17716	0.19045	0.18915	0.19964
548.76	0.20283	0.18496	0.19884	0.19748	0.20843
548.82	0.21191	0.19324	0.20775	0.20633	0.21777
548.88	0.22156	0.20204	0.2172	0.21572	0.22768
548.94	0.23178	0.21136	0.22723	0.22568	0.23819
549	0.24261	0.22123	0.23784	0.23622	0.24931
549.06	0.25405	0.23167	0.24905	0.24736	0.26107
549.12	0.2661	0.24266	0.26088	0.2591	0.27346
549.18	0.27878	0.25422	0.2733	0.27144	0.28648
549.24	0.29204	0.26632	0.2863	0.28436	0.30012
549.3	0.30587	0.27893	0.29986	0.29782	0.31433
549.36	0.32021	0.292	0.31392	0.31179	0.32906
549.42	0.33499	0.30548	0.3284	0.32618	0.34425
549.48	0.35012	0.31928	0.34324	0.34092	0.3598
549.54	0.3655	0.33332	0.35832	0.35591	0.37561
549.6	0.38103	0.34748	0.37355	0.37104	0.39157
549.66	0.3966	0.36168	0.3888	0.38621	0.40756
549.72	0.41209	0.37581	0.40399	0.40132	0.42347
549.78	0.42743	0.38981	0.41903	0.41628	0.43923
549.84	0.44255	0.40362	0.43386	0.43105	0.45478
549.9	0.45745	0.41722	0.44847	0.44562	0.47009
549.96	0.47214	0.43063	0.46287	0.45999	0.48518
550.02	0.48669	0.44391	0.47713	0.47425	0.50014
550.08	0.50117	0.45715	0.49134	0.48847	0.51504
550.14	0.51571	0.47043	0.50559	0.50278	0.53001
550.2	0.53041	0.48387	0.52002	0.51728	0.54516
550.26	0.5454	0.49756	0.53472	0.53208	0.56062
550.32	0.56074	0.51156	0.54977	0.54726	0.57646
550.38	0.57649	0.52592	0.56522	0.56285	0.59274
550.44	0.59266	0.54061	0.58107	0.57884	0.60944
550.5	0.6092	0.55559	0.59727	0.59515	0.62653
550.56	0.62604	0.57076	0.61375	0.61167	0.64389
550.62	0.64304	0.586	0.63037	0.62822	0.66138
550.68	0.66006	0.60114	0.64699	0.64462	0.67882
550.74	0.67692	0.61602	0.66343	0.66062	0.69602
550.8	0.69341	0.63047	0.67951	0.676	0.71276
550.86	0.70934	0.64432	0.69504	0.69053	0.72885
550.92	0.72449	0.65743	0.70984	0.70402	0.74409
550.98	0.73867	0.66968	0.72372	0.71631	0.7583
551.04	0.75168	0.68099	0.7365	0.72727	0.77135
551.1	0.76335	0.69128	0.74803	0.73683	0.78309
551.16	0.77354	0.70051	0.75816	0.74496	0.79344
551.22	0.78216	0.70866	0.76678	0.75167	0.8023
551.28	0.78915	0.71572	0.77379	0.757	0.80963
551.34	0.7945	0.72169	0.77916	0.76103	0.81539
551.4	0.79826	0.72661	0.78291	0.76387	0.81958
551.46	0.80053	0.73049	0.78511	0.76565	0.82224
551.52	0.80143	0.73336	0.78591	0.76653	0.82343
551.58	0.80114	0.73529	0.78549	0.76666	0.82328
551.64	0.79987	0.73633	0.78409	0.76625	0.82193
551.7	0.79783	0.73655	0.78198	0.7655	0.81959
551.76	0.79525	0.73605	0.77943	0.76462	0.8165
551.82	0.79237	0.73493	0.77668	0.76381	0.81293
551.88	0.7894	0.73329	0.77397	0.76329	0.80918
551.94	0.78654	0.73125	0.77145	0.7632	0.80555
552	0.78394	0.72891	0.76926	0.76369	0.8023
552.06	0.78173	0.72639	0.76747	0.76483	0.79969
552.12	0.78002	0.7238	0.76612	0.76666	0.79789
552.18	0.77885	0.72127	0.76524	0.76914	0.79705
552.24	0.77828	0.71891	0.76481	0.77221	0.79725
552.3	0.77833	0.71684	0.76486	0.77574	0.79847
552.36	0.77904	0.7152	0.7654	0.77961	0.80068
552.42	0.78042	0.71409	0.76647	0.78366	0.80376
552.48	0.7825	0.71363	0.76811	0.78776	0.80759
552.54	0.78529	0.71388	0.77036	0.79178	0.81198
552.6	0.78875	0.71489	0.77325	0.79562	0.81677
552.66	0.79285	0.71667	0.77676	0.79916	0.82176
552.72	0.79747	0.71916	0.78084	0.80234	0.82678
552.78	0.80245	0.72225	0.78535	0.80506	0.83163
552.84	0.80754	0.72576	0.79011	0.80721	0.83612
552.9	0.81245	0.72945	0.79481	0.80867	0.84005
552.96	0.81683	0.73301	0.79914	0.80927	0.8432
553.02	0.82029	0.73608	0.80268	0.80883	0.84533
553.08	0.82244	0.73829	0.80501	0.80714	0.84619
553.14	0.82286	0.73923	0.80572	0.80397	0.84551
553.2	0.82122	0.73852	0.80441	0.79912	0.84302
553.26	0.81721	0.73583	0.80075	0.79239	0.83845
553.32	0.81061	0.7309	0.79451	0.78365	0.83157
553.38	0.80131	0.72354	0.78554	0.7728	0.82219
553.44	0.78928	0.71368	0.77381	0.75981	0.81021
553.5	0.77458	0.70133	0.7594	0.74471	0.79559
553.56	0.75738	0.68662	0.74249	0.72761	0.77839
553.62	0.73791	0.66973	0.72331	0.70866	0.75878
553.68	0.71647	0.65092	0.70219	0.68807	0.737
553.74	0.69337	0.63049	0.67946	0.66609	0.71338
553.8	0.66899	0.60878	0.65549	0.643	0.6883
553.86	0.64369	0.58614	0.63065	0.61909	0.66215
553.92	0.61784	0.5629	0.60529	0.59466	0.63535
553.98	0.59176	0.53939	0.57975	0.57002	0.6083
554.04	0.56579	0.5159	0.55433	0.54543	0.58134
554.1	0.54019	0.49269	0.52928	0.52115	0.55478
554.16	0.5152	0.46999	0.50483	0.49739	0.52889
554.22	0.49099	0.44798	0.48116	0.47433	0.50385
554.28	0.46772	0.42679	0.45839	0.45211	0.47983
554.34	0.44548	0.40652	0.43664	0.43085	0.45692
554.4	0.42434	0.38724	0.41596	0.41059	0.43518
554.46	0.40434	0.36898	0.39638	0.3914	0.41464
554.52	0.38548	0.35176	0.37791	0.37328	0.3953
554.58	0.36776	0.33557	0.36055	0.35622	0.37714
554.64	0.35114	0.32038	0.34427	0.34022	0.36014
554.7	0.33559	0.30616	0.32904	0.32523	0.34424
554.76	0.32106	0.29288	0.3148	0.31122	0.32939
554.82	0.30751	0.28049	0.30152	0.29813	0.31554
554.88	0.29488	0.26894	0.28914	0.28594	0.30263
554.94	0.28313	0.25818	0.27761	0.27458	0.29062
555	0.27218	0.24817	0.26687	0.264	0.27943
555.06	0.26201	0.23887	0.25689	0.25416	0.26903
555.12	0.25255	0.23021	0.24762	0.24501	0.25935
555.18	0.24376	0.22217	0.239	0.23651	0.25036
555.24	0.2356	0.21471	0.23099	0.22862	0.24201
555.3	0.22803	0.20778	0.22356	0.22129	0.23426
555.36	0.22101	0.20135	0.21667	0.2145	0.22707
555.42	0.2145	0.1954	0.21029	0.2082	0.2204
555.48	0.20847	0.18988	0.20438	0.20237	0.21423
555.54	0.2029	0.18479	0.19891	0.19699	0.20853
555.6	0.19776	0.18008	0.19387	0.19201	0.20326
555.66	0.19302	0.17574	0.18922	0.18743	0.1984
555.72	0.18866	0.17176	0.18494	0.18322	0.19394
555.78	0.18467	0.1681	0.18102	0.17936	0.18985
555.84	0.18102	0.16476	0.17744	0.17583	0.18612
555.9	0.1777	0.16172	0.17418	0.17263	0.18272
555.96	0.1747	0.15897	0.17124	0.16973	0.17965
556.02	0.172	0.1565	0.16859	0.16713	0.17689
556.08	0.1696	0.1543	0.16623	0.16481	0.17443
556.14	0.16748	0.15237	0.16415	0.16278	0.17227
556.2	0.16565	0.15068	0.16234	0.16102	0.1704
556.26	0.16408	0.14925	0.16081	0.15952	0.16881
556.32	0.16279	0.14807	0.15954	0.15829	0.16749
556.38	0.16177	0.14713	0.15853	0.15732	0.16645
556.44	0.16101	0.14644	0.15779	0.15661	0.16568
556.5	0.16052	0.146	0.1573	0.15617	0.16518
556.56	0.16031	0.1458	0.15709	0.15599	0.16496
556.62	0.16036	0.14586	0.15714	0.15607	0.16502
556.68	0.16069	0.14617	0.15746	0.15643	0.16536
556.74	0.16131	0.14674	0.15806	0.15707	0.16598
556.8	0.16222	0.14758	0.15895	0.158	0.1669
556.86	0.16342	0.1487	0.16013	0.15922	0.16813
556.92	0.16494	0.15011	0.16161	0.16074	0.16967
556.98	0.16677	0.15181	0.16341	0.16258	0.17153
557.04	0.16894	0.15382	0.16553	0.16475	0.17373
557.1	0.17144	0.15615	0.16799	0.16726	0.17628
557.16	0.1743	0.15881	0.1708	0.17013	0.17919
557.22	0.17753	0.16182	0.17397	0.17335	0.18248
557.28	0.18113	0.16518	0.17752	0.17696	0.18615
557.34	0.18511	0.1689	0.18144	0.18094	0.19023
557.4	0.18948	0.17299	0.18575	0.18532	0.19472
557.46	0.19424	0.17745	0.19045	0.19009	0.19962
557.52	0.19938	0.18227	0.19553	0.19524	0.20493
557.58	0.20488	0.18744	0.20097	0.20076	0.21065
557.64	0.21072	0.19294	0.20676	0.20664	0.21676
557.7	0.21687	0.19873	0.21286	0.21282	0.22323
557.76	0.22327	0.20476	0.21921	0.21926	0.23001
557.82	0.22986	0.21096	0.22576	0.22589	0.23704
557.88	0.23656	0.21724	0.2324	0.23261	0.24426
557.94	0.24327	0.2235	0.23906	0.23933	0.25154
558	0.2499	0.22961	0.2456	0.24592	0.25878
558.06	0.25633	0.23542	0.25192	0.25224	0.26584
558.12	0.26245	0.24081	0.25787	0.25816	0.27258
558.18	0.26816	0.24561	0.26334	0.26353	0.27883
558.24	0.27336	0.24971	0.26822	0.26824	0.28446
558.3	0.27796	0.25298	0.27242	0.27218	0.28934
558.36	0.28193	0.25534	0.27591	0.27528	0.29337
558.42	0.28522	0.25677	0.27866	0.27751	0.29649
558.48	0.28784	0.25727	0.2807	0.27889	0.29868
558.54	0.28978	0.25688	0.28207	0.27946	0.29998
558.6	0.2911	0.2557	0.28286	0.2793	0.30047
558.66	0.29182	0.25384	0.28315	0.27853	0.30025
558.72	0.292	0.25144	0.28306	0.27727	0.29947
558.78	0.29172	0.24863	0.28266	0.27566	0.29828
558.84	0.29103	0.24557	0.28205	0.27382	0.29684
558.9	0.29002	0.24236	0.28131	0.27186	0.29528
558.96	0.28878	0.23914	0.28048	0.26991	0.29374
559.02	0.28738	0.23599	0.27961	0.26805	0.29231
559.08	0.28593	0.23299	0.27874	0.26636	0.29107
559.14	0.28452	0.23018	0.27789	0.26491	0.29008
559.2	0.28322	0.22761	0.27709	0.26374	0.28934
559.26	0.28211	0.22531	0.27636	0.26288	0.28887
559.32	0.28124	0.22326	0.27569	0.26236	0.28865
559.38	0.28066	0.22148	0.27512	0.26217	0.28866
559.44	0.28037	0.21994	0.27463	0.26229	0.28885
559.5	0.28038	0.21862	0.27422	0.26269	0.28919
559.56	0.28065	0.21747	0.2739	0.26331	0.28963
559.62	0.28115	0.21647	0.27366	0.26408	0.29012
559.68	0.2818	0.21556	0.27348	0.26492	0.29062
559.74	0.28256	0.21469	0.27335	0.26573	0.29108
559.8	0.28334	0.21384	0.27327	0.26641	0.29147
559.86	0.28409	0.21294	0.27324	0.26688	0.29174
559.92	0.28473	0.21199	0.27326	0.26706	0.29186
559.98	0.28524	0.21095	0.27332	0.26691	0.29181
560.04	0.28558	0.20982	0.27343	0.2664	0.29158
560.1	0.28571	0.20861	0.2736	0.26553	0.29115
560.16	0.28565	0.20733	0.27381	0.26434	0.29053
560.22	0.28538	0.20602	0.27405	0.26287	0.28972
560.28	0.2849	0.20471	0.27431	0.26121	0.28873
560.34	0.2842	0.20343	0.27455	0.25942	0.28758
560.4	0.28328	0.20224	0.27472	0.2576	0.28628
560.46	0.28212	0.20115	0.27474	0.2558	0.28484
560.52	0.28071	0.20019	0.27456	0.25409	0.28328
560.58	0.27903	0.19939	0.2741	0.2525	0.2816
560.64	0.27708	0.19874	0.27329	0.25106	0.27979
560.7	0.27487	0.19824	0.27206	0.24978	0.27785
560.76	0.2724	0.19787	0.27037	0.24863	0.27578
560.82	0.26969	0.19761	0.26821	0.24762	0.27355
560.88	0.26679	0.19745	0.26558	0.2467	0.27118
560.94	0.26372	0.19735	0.26252	0.24585	0.26867
561	0.26054	0.19731	0.25909	0.24506	0.26601
561.06	0.2573	0.19731	0.25537	0.24431	0.26323
561.12	0.25404	0.19735	0.25147	0.2436	0.26035
561.18	0.2508	0.19746	0.24747	0.24295	0.25739
561.24	0.24763	0.19765	0.24349	0.24236	0.25438
561.3	0.24455	0.19795	0.23961	0.24187	0.25133
561.36	0.2416	0.19842	0.23592	0.2415	0.24829
561.42	0.23877	0.19908	0.23249	0.24129	0.24526
561.48	0.23609	0.19998	0.22937	0.24127	0.24227
561.54	0.23356	0.20117	0.22659	0.24145	0.23935
561.6	0.23115	0.20268	0.22417	0.24187	0.2365
561.66	0.22888	0.20455	0.22211	0.24252	0.23374
561.72	0.22671	0.20679	0.22039	0.24343	0.23107
561.78	0.22464	0.20942	0.21898	0.24457	0.22852
561.84	0.22266	0.21246	0.21784	0.24594	0.22607
561.9	0.22075	0.21589	0.21692	0.2475	0.22375
561.96	0.2189	0.2197	0.21616	0.24922	0.22154
562.02	0.2171	0.22388	0.2155	0.25105	0.21947
562.08	0.21535	0.22839	0.21487	0.25292	0.21753
562.14	0.21365	0.23318	0.21422	0.25476	0.21572
562.2	0.212	0.23819	0.2135	0.25652	0.21405
562.26	0.21041	0.24337	0.21265	0.25812	0.21251
562.32	0.20888	0.24865	0.21166	0.25951	0.21109
562.38	0.20742	0.25396	0.21051	0.26063	0.2098
562.44	0.20604	0.25922	0.20921	0.26144	0.20862
562.5	0.20475	0.26437	0.20776	0.26192	0.20755
562.56	0.20354	0.26935	0.2062	0.26205	0.20659
562.62	0.20244	0.27411	0.20458	0.26184	0.20572
562.68	0.20145	0.27862	0.20293	0.26131	0.20496
562.74	0.20057	0.28287	0.20133	0.26049	0.2043
562.8	0.19982	0.28684	0.19981	0.25942	0.20376
562.86	0.1992	0.29055	0.19842	0.25816	0.20336
562.92	0.19873	0.29402	0.19723	0.25677	0.2031
562.98	0.19842	0.29729	0.19626	0.25529	0.20302
563.04	0.1983	0.30039	0.19556	0.25379	0.20311
563.1	0.19838	0.30338	0.19515	0.2523	0.20342
563.16	0.19867	0.30629	0.19506	0.25087	0.20394
563.22	0.1992	0.30918	0.19531	0.2495	0.20469
563.28	0.19999	0.31209	0.19591	0.24821	0.20568
563.34	0.20105	0.31503	0.19688	0.24698	0.20691
563.4	0.20239	0.31804	0.19823	0.24583	0.20838
563.46	0.20404	0.32113	0.19995	0.24472	0.2101
563.52	0.206	0.32428	0.20207	0.24367	0.21205
563.58	0.20828	0.3275	0.20458	0.24265	0.21424
563.64	0.2109	0.33079	0.20749	0.24169	0.21666
563.7	0.21386	0.33414	0.2108	0.2408	0.21934
563.76	0.21718	0.33756	0.2145	0.24	0.22226
563.82	0.22085	0.34105	0.2186	0.23935	0.22545
563.88	0.2249	0.34465	0.22309	0.23888	0.22893
563.94	0.22932	0.34839	0.22797	0.23864	0.23272
564	0.23413	0.3523	0.23322	0.23869	0.23685
564.06	0.23932	0.35643	0.23884	0.23909	0.24134
564.12	0.24492	0.36081	0.24481	0.23987	0.24624
564.18	0.25091	0.36548	0.25112	0.24108	0.25157
564.24	0.2573	0.37046	0.25775	0.24277	0.25736
564.3	0.26409	0.37579	0.26468	0.24496	0.26365
564.36	0.27128	0.38148	0.27189	0.24771	0.27047
564.42	0.27886	0.38755	0.27939	0.25102	0.27784
564.48	0.28684	0.39401	0.28715	0.25493	0.2858
564.54	0.29522	0.4009	0.29518	0.25945	0.29438
564.6	0.304	0.40826	0.3035	0.26461	0.30361
564.66	0.3132	0.41616	0.31212	0.27041	0.3135
564.72	0.32285	0.42469	0.32109	0.27688	0.32409
564.78	0.33299	0.43392	0.33046	0.28401	0.33539
564.84	0.34367	0.44399	0.34029	0.2918	0.34742
564.9	0.35494	0.455	0.35068	0.30025	0.36017
564.96	0.36688	0.46709	0.36169	0.30933	0.37365
565.02	0.37954	0.48036	0.37344	0.31902	0.38785
565.08	0.39301	0.49494	0.38601	0.32929	0.40276
565.14	0.40735	0.51093	0.39951	0.34008	0.41836
565.2	0.42261	0.52839	0.41403	0.35134	0.43462
565.26	0.43887	0.5474	0.42965	0.36301	0.4515
565.32	0.45614	0.56797	0.44644	0.37502	0.46897
565.38	0.47446	0.5901	0.46445	0.3873	0.48699
565.44	0.49382	0.61375	0.4837	0.39978	0.5055
565.5	0.5142	0.63882	0.50419	0.41243	0.52447
565.56	0.53554	0.66517	0.52589	0.42519	0.54386
565.62	0.55775	0.69258	0.54871	0.43805	0.56365
565.68	0.5807	0.72079	0.57253	0.45097	0.58379
565.74	0.60422	0.74947	0.59716	0.46397	0.60426
565.8	0.62808	0.77825	0.62236	0.47701	0.62504
565.86	0.65203	0.80668	0.64784	0.49009	0.64607
565.92	0.6758	0.83432	0.67324	0.50316	0.66729
565.98	0.69908	0.8607	0.69816	0.51616	0.68861
566.04	0.72156	0.8854	0.72218	0.52902	0.70991
566.1	0.74296	0.90802	0.7449	0.54163	0.73105
566.16	0.76301	0.92825	0.76592	0.55388	0.75186
566.22	0.78153	0.94587	0.78495	0.56566	0.77218
566.28	0.79839	0.96078	0.80177	0.57686	0.79187
566.34	0.81357	0.97296	0.8163	0.58742	0.81077
566.4	0.82711	0.98253	0.82862	0.59731	0.82879
566.46	0.83918	0.98968	0.83891	0.60654	0.84586
566.52	0.85002	0.99469	0.8475	0.61514	0.86194
566.58	0.8599	0.99787	0.85481	0.62321	0.87702
566.64	0.86916	0.99954	0.8613	0.63082	0.89112
566.7	0.8781	1	0.86746	0.63806	0.90426
566.76	0.88703	0.9995	0.87373	0.64498	0.91647
566.82	0.89616	0.9982	0.88054	0.65162	0.92778
566.88	0.90566	0.99617	0.88817	0.65796	0.93823
566.94	0.9156	0.99336	0.89685	0.66395	0.94785
567	0.92594	0.9896	0.90664	0.6695	0.95666
567.06	0.93657	0.98467	0.9175	0.67451	0.96468
567.12	0.94729	0.97824	0.92925	0.67888	0.97195
567.18	0.95783	0.97	0.94156	0.68252	0.97844
567.24	0.9679	0.95964	0.95401	0.68542	0.98416
567.3	0.97716	0.94694	0.96608	0.6876	0.98907
567.36	0.98526	0.93178	0.97716	0.68915	0.99313
567.42	0.99188	0.91416	0.98665	0.69024	0.99629
567.48	0.99671	0.89423	0.99394	0.69109	0.99851
567.54	0.99948	0.87226	0.99852	0.69198	0.99975
567.6	1	0.84864	1	0.6932	1
567.66	0.99812	0.82381	0.99814	0.69504	0.99923
567.72	0.99379	0.79826	0.9929	0.69779	0.99743
567.78	0.98706	0.77247	0.98441	0.70169	0.99459
567.84	0.97806	0.74689	0.973	0.70696	0.99068
567.9	0.96703	0.72191	0.95911	0.71373	0.98571
567.96	0.95429	0.69788	0.94329	0.72209	0.97964
568.02	0.9402	0.67506	0.92611	0.73204	0.97246
568.08	0.92516	0.65363	0.90815	0.74353	0.96417
568.14	0.90957	0.63371	0.88993	0.7564	0.95479
568.2	0.89377	0.61536	0.87191	0.77043	0.94432
568.26	0.87806	0.59857	0.85442	0.78533	0.93278
568.32	0.86264	0.58329	0.83771	0.80072	0.92019
568.38	0.84763	0.5694	0.8219	0.81618	0.90657
568.44	0.83307	0.55678	0.807	0.83123	0.89192
568.5	0.8189	0.54524	0.79296	0.84539	0.87625
568.56	0.80501	0.53458	0.77961	0.85816	0.85957
568.62	0.79125	0.5246	0.76676	0.86909	0.84194
568.68	0.77741	0.51508	0.75416	0.8778	0.82344
568.74	0.76332	0.5058	0.74156	0.88397	0.80419
568.8	0.74881	0.49658	0.72871	0.88738	0.78434
568.86	0.73374	0.48725	0.71539	0.88788	0.7641
568.92	0.718	0.47768	0.70142	0.88543	0.74367
568.98	0.70156	0.46776	0.68668	0.88004	0.72325
569.04	0.6844	0.45746	0.6711	0.87178	0.70303
569.1	0.66656	0.44675	0.65467	0.86077	0.68317
569.16	0.64811	0.43566	0.63743	0.84718	0.66378
569.22	0.62918	0.42426	0.61949	0.83118	0.64494
569.28	0.60991	0.41261	0.601	0.81302	0.62665
569.34	0.59045	0.40085	0.58213	0.79298	0.60893
569.4	0.57099	0.38907	0.56309	0.77136	0.59172
569.46	0.55171	0.37741	0.54409	0.74851	0.57499
569.52	0.53279	0.36598	0.52532	0.7248	0.55868
569.58	0.51438	0.35489	0.50697	0.7006	0.54276
569.64	0.49663	0.34425	0.48921	0.67628	0.5272
569.7	0.47967	0.33413	0.47218	0.65216	0.51201
569.76	0.46358	0.3246	0.45598	0.62856	0.4972
569.82	0.44845	0.31572	0.4407	0.60573	0.48283
569.88	0.43432	0.30751	0.42641	0.58387	0.46894
569.94	0.42122	0.30002	0.41313	0.56315	0.4556
570	0.40916	0.29325	0.40088	0.54367	0.44287
570.06	0.39815	0.28721	0.38968	0.52553	0.43081
570.12	0.38816	0.2819	0.37951	0.50876	0.41948
570.18	0.37918	0.27733	0.37036	0.49337	0.40893
570.24	0.37119	0.2735	0.36222	0.47937	0.39921
570.3	0.36415	0.27039	0.35505	0.46673	0.39033
570.36	0.35804	0.26801	0.34885	0.45544	0.38233
570.42	0.35282	0.26635	0.34358	0.44544	0.37522
570.48	0.34847	0.26541	0.33924	0.43671	0.36901
570.54	0.34496	0.26518	0.33579	0.4292	0.36371
570.6	0.34228	0.26567	0.33322	0.42289	0.35931
570.66	0.34039	0.26686	0.33152	0.41775	0.35581
570.72	0.33929	0.26875	0.33067	0.41376	0.35322
570.78	0.33895	0.27133	0.33065	0.41089	0.35153
570.84	0.33935	0.2746	0.33146	0.40914	0.35074
570.9	0.34047	0.27852	0.33307	0.40851	0.35085
570.96	0.34229	0.28306	0.33548	0.40899	0.35185
571.02	0.34477	0.28819	0.33864	0.4106	0.35373
571.08	0.34787	0.29384	0.34254	0.41333	0.3565
571.14	0.35154	0.29993	0.34713	0.41722	0.36014
571.2	0.35574	0.30637	0.35236	0.42226	0.36464
571.26	0.3604	0.31305	0.35816	0.42848	0.36998
571.32	0.36545	0.31983	0.36445	0.43589	0.37611
571.38	0.37085	0.32654	0.37114	0.44451	0.38299
571.44	0.37652	0.33303	0.37811	0.45433	0.39057
571.5	0.38241	0.33913	0.38524	0.46535	0.39876
571.56	0.38848	0.34464	0.3924	0.47755	0.40745
571.62	0.39469	0.34942	0.39947	0.49089	0.41652
571.68	0.40101	0.35332	0.40631	0.50531	0.42582
571.74	0.40742	0.35621	0.41283	0.52072	0.4352
571.8	0.41391	0.358	0.41894	0.53699	0.44449
571.86	0.42045	0.35863	0.42457	0.55394	0.45351
571.92	0.42701	0.35811	0.42971	0.57137	0.46209
571.98	0.43357	0.35644	0.43437	0.58903	0.4701
572.04	0.44008	0.35369	0.43859	0.60664	0.47742
572.1	0.4465	0.34995	0.44243	0.62387	0.48397
572.16	0.45279	0.34534	0.44599	0.64041	0.48972
572.22	0.45891	0.34001	0.44939	0.65595	0.49469
572.28	0.46484	0.3341	0.45273	0.67021	0.49892
572.34	0.47054	0.32777	0.45614	0.683	0.5025
572.4	0.47603	0.32116	0.45974	0.69418	0.50556
572.46	0.48131	0.3144	0.46363	0.70372	0.50822
572.52	0.48638	0.30759	0.46789	0.7117	0.51064
572.58	0.49128	0.30082	0.47258	0.7183	0.51297
572.64	0.49603	0.29414	0.47775	0.72375	0.51537
572.7	0.50067	0.2876	0.4834	0.72838	0.518
572.76	0.50525	0.28122	0.48956	0.73254	0.52101
572.82	0.50983	0.275	0.4962	0.73658	0.52456
572.88	0.51449	0.26896	0.50331	0.74087	0.52877
572.94	0.51933	0.2631	0.51088	0.74575	0.53377
573	0.52446	0.25743	0.51889	0.75153	0.53966
573.06	0.53001	0.25198	0.52731	0.75848	0.54654
573.12	0.5361	0.24676	0.53613	0.7668	0.55446
573.18	0.54287	0.24182	0.54532	0.77668	0.56347
573.24	0.55043	0.23718	0.55485	0.78821	0.57359
573.3	0.55889	0.23289	0.56469	0.80141	0.5848
573.36	0.56832	0.22898	0.57478	0.81625	0.59709
573.42	0.5788	0.22549	0.58507	0.83258	0.61041
573.48	0.59033	0.22244	0.59549	0.85019	0.62471
573.54	0.60291	0.21988	0.60598	0.86876	0.63989
573.6	0.61649	0.21781	0.61646	0.88789	0.65587
573.66	0.63098	0.21625	0.62688	0.90708	0.67249
573.72	0.64625	0.2152	0.63719	0.9258	0.68959
573.78	0.66212	0.21469	0.64736	0.94346	0.70697
573.84	0.6784	0.21469	0.65738	0.95948	0.72437
573.9	0.69485	0.21522	0.66728	0.97334	0.74153
573.96	0.71122	0.21625	0.67712	0.98456	0.75813
574.02	0.72725	0.21776	0.68698	0.99284	0.77386
574.08	0.74268	0.21973	0.69695	0.998	0.78843
574.14	0.75728	0.22212	0.70713	1	0.80157
574.2	0.77085	0.22489	0.71759	0.99898	0.8131
574.26	0.7832	0.22797	0.72836	0.99519	0.8229
574.32	0.7942	0.23132	0.73941	0.98897	0.83094
574.38	0.80376	0.23484	0.75065	0.98069	0.8373
574.44	0.81181	0.23847	0.76188	0.97075	0.84211
574.5	0.81831	0.24211	0.77282	0.9595	0.84557
574.56	0.82327	0.2457	0.78313	0.94728	0.84789
574.62	0.82667	0.24917	0.79238	0.93435	0.84931
574.68	0.82854	0.25245	0.80013	0.92092	0.85
574.74	0.82891	0.25553	0.80592	0.90713	0.85011
574.8	0.82781	0.25839	0.80933	0.8931	0.84971
574.86	0.82527	0.26107	0.81001	0.87887	0.84881
574.92	0.82132	0.26362	0.80773	0.86445	0.84734
574.98	0.81597	0.2661	0.80238	0.84982	0.84517
575.04	0.80926	0.26862	0.79399	0.83493	0.84212
575.1	0.8012	0.27126	0.78274	0.81969	0.83799
575.16	0.79184	0.27415	0.76894	0.804	0.83254
575.22	0.78125	0.27736	0.75299	0.78775	0.82556
575.28	0.76949	0.28099	0.73537	0.77084	0.81684
575.34	0.75669	0.28512	0.71658	0.75318	0.80626
575.4	0.743	0.28977	0.69712	0.73474	0.79375
575.46	0.72855	0.295	0.67749	0.71552	0.77934
575.52	0.71352	0.30079	0.65811	0.69558	0.76316
575.58	0.69808	0.30712	0.63934	0.67504	0.74544
575.64	0.68237	0.31393	0.62149	0.65407	0.72645
575.7	0.66656	0.32114	0.60479	0.63287	0.70657
575.76	0.65077	0.32863	0.58939	0.61169	0.68616
575.82	0.63515	0.33628	0.57539	0.59075	0.66561
575.88	0.61981	0.34392	0.56282	0.57029	0.6453
575.94	0.60486	0.35138	0.55166	0.55052	0.62556
576	0.59042	0.35848	0.54183	0.53161	0.60667
576.06	0.57657	0.36507	0.53322	0.51371	0.58887
576.12	0.56339	0.37099	0.52567	0.49693	0.57235
576.18	0.55094	0.37613	0.519	0.48134	0.55723
576.24	0.53927	0.38041	0.51301	0.46697	0.54359
576.3	0.52839	0.3838	0.50747	0.45384	0.53147
576.36	0.51833	0.38633	0.50218	0.44191	0.52087
576.42	0.50906	0.38806	0.49691	0.43115	0.51174
576.48	0.50057	0.38911	0.49148	0.42148	0.504
576.54	0.49281	0.38962	0.48575	0.4128	0.49753
576.6	0.48573	0.38974	0.47961	0.40501	0.49219
576.66	0.47926	0.38964	0.47299	0.39798	0.48778
576.72	0.4733	0.38947	0.46589	0.39157	0.4841
576.78	0.46775	0.38936	0.45832	0.38565	0.48091
576.84	0.46248	0.38941	0.45037	0.38007	0.47795
576.9	0.45736	0.38967	0.44212	0.3747	0.47495
576.96	0.45223	0.39013	0.43368	0.3694	0.47165
577.02	0.44696	0.39076	0.42516	0.36408	0.4678
577.08	0.4414	0.39147	0.41667	0.35863	0.4632
577.14	0.43544	0.39213	0.40829	0.35299	0.45767
577.2	0.42896	0.3926	0.40008	0.34711	0.45111
577.26	0.4219	0.39269	0.39206	0.34094	0.44347
577.32	0.41423	0.39226	0.38426	0.33446	0.43478
577.38	0.40594	0.39114	0.37664	0.32765	0.4251
577.44	0.39707	0.38922	0.36917	0.32051	0.41456
577.5	0.3877	0.38642	0.3618	0.31304	0.40332
577.56	0.37793	0.38271	0.35449	0.30526	0.39156
577.62	0.36787	0.3781	0.34719	0.2972	0.37947
577.68	0.35766	0.37263	0.33987	0.28891	0.36722
577.74	0.34741	0.36636	0.33251	0.28044	0.355
577.8	0.33724	0.35939	0.32509	0.27187	0.34296
577.86	0.32726	0.35177	0.31764	0.26326	0.33124
577.92	0.31754	0.34361	0.31016	0.25471	0.31995
577.98	0.30812	0.33495	0.30268	0.24627	0.30917
578.04	0.29905	0.32586	0.2952	0.23802	0.29897
578.1	0.29033	0.31639	0.28775	0.23001	0.28939
578.16	0.28197	0.30659	0.28032	0.22229	0.28046
578.22	0.27394	0.29652	0.27292	0.21489	0.27218
578.28	0.26623	0.28624	0.26556	0.20783	0.26454
578.34	0.25882	0.27582	0.25824	0.20112	0.25753
578.4	0.2517	0.26534	0.25096	0.19476	0.2511
578.46	0.24486	0.25487	0.24374	0.18874	0.24522
578.52	0.23829	0.2445	0.23662	0.18304	0.23984
578.58	0.232	0.23431	0.22961	0.17765	0.2349
578.64	0.22599	0.22436	0.22277	0.17254	0.23034
578.7	0.22027	0.21473	0.21612	0.16768	0.2261
578.76	0.21485	0.20545	0.2097	0.16305	0.2221
578.82	0.20972	0.19657	0.20357	0.15861	0.21829
578.88	0.20491	0.1881	0.19774	0.15434	0.21459
578.94	0.20039	0.18007	0.19225	0.15022	0.21097
579	0.19617	0.17248	0.18713	0.14621	0.20735
579.06	0.19224	0.16533	0.18237	0.14231	0.20372
579.12	0.1886	0.15861	0.17801	0.13851	0.20003
579.18	0.18522	0.15231	0.17403	0.13478	0.19627
579.24	0.18209	0.1464	0.17044	0.13114	0.19244
579.3	0.17922	0.14088	0.16724	0.12757	0.18855
579.36	0.17657	0.13573	0.16442	0.1241	0.18464
579.42	0.17414	0.13092	0.16196	0.12072	0.18072
579.48	0.1719	0.12643	0.15984	0.11745	0.17684
579.54	0.16983	0.12226	0.15806	0.11429	0.17305
579.6	0.16791	0.11837	0.15658	0.11125	0.16938
579.66	0.16611	0.11475	0.15536	0.10834	0.16588
579.72	0.16439	0.11138	0.15439	0.10556	0.16257
579.78	0.16272	0.10825	0.1536	0.10292	0.1595
579.84	0.16107	0.10534	0.15296	0.10041	0.15669
579.9	0.15942	0.10264	0.15241	0.098033	0.15414
579.96	0.15774	0.10014	0.15189	0.095788	0.15188
580.02	0.15602	0.097809	0.15136	0.093669	0.14991
580.08	0.15427	0.095649	0.15074	0.091671	0.14823
580.14	0.15249	0.093644	0.15	0.089787	0.14683
580.2	0.1507	0.091784	0.14908	0.088007	0.1457
580.26	0.14891	0.090056	0.14796	0.086324	0.14482
580.32	0.14716	0.08845	0.14663	0.084727	0.14416
580.38	0.14545	0.086957	0.14508	0.083205	0.14369
580.44	0.14382	0.085569	0.14332	0.081747	0.14337
580.5	0.14227	0.084278	0.14139	0.080341	0.14315
580.56	0.14082	0.083079	0.13931	0.078978	0.143
580.62	0.13946	0.081966	0.13712	0.077646	0.14284
580.68	0.13819	0.080939	0.13489	0.07634	0.14262
580.74	0.13701	0.079995	0.13264	0.075051	0.14229
580.8	0.13589	0.079136	0.13042	0.073777	0.14179
580.86	0.13482	0.078361	0.12828	0.072517	0.14108
580.92	0.13379	0.077673	0.12624	0.07127	0.14012
580.98	0.13277	0.077076	0.12433	0.070041	0.13889
581.04	0.13175	0.076571	0.12257	0.068834	0.13739
581.1	0.1307	0.076161	0.12096	0.067653	0.13562
581.16	0.12962	0.075848	0.11952	0.066504	0.1336
581.22	0.12848	0.075636	0.11822	0.065394	0.13136
581.28	0.12728	0.075525	0.11707	0.064328	0.12895
581.34	0.12598	0.075515	0.11604	0.06331	0.12641
581.4	0.12459	0.075607	0.11511	0.062343	0.12379
581.46	0.1231	0.0758	0.11425	0.061432	0.12114
581.52	0.12149	0.07609	0.11344	0.060579	0.11852
581.58	0.11978	0.076472	0.11266	0.059785	0.11595
581.64	0.11798	0.076941	0.11186	0.05905	0.11348
581.7	0.11608	0.077487	0.11104	0.058376	0.11113
581.76	0.11412	0.078099	0.11016	0.05776	0.10894
581.82	0.11212	0.078763	0.10922	0.057203	0.1069
581.88	0.11011	0.079462	0.10819	0.056702	0.10505
581.94	0.1081	0.080178	0.10706	0.056253	0.10337
582	0.10612	0.080889	0.10583	0.055853	0.10187
582.06	0.10419	0.081576	0.10448	0.055497	0.10054
582.12	0.10234	0.082218	0.10303	0.055178	0.099379
582.18	0.10056	0.082795	0.10147	0.054888	0.09836
582.24	0.098882	0.083293	0.099807	0.054617	0.097467
582.3	0.097295	0.0837	0.098057	0.054357	0.096677
582.36	0.095801	0.084011	0.096233	0.054094	0.095964
582.42	0.094395	0.084226	0.094353	0.053818	0.095299
582.48	0.093069	0.084352	0.092439	0.053515	0.094649
582.54	0.091815	0.084402	0.090513	0.053175	0.093987
582.6	0.090622	0.084393	0.088598	0.052788	0.093282
582.66	0.08948	0.084345	0.086717	0.052345	0.09251
582.72	0.088379	0.084284	0.084891	0.051842	0.091652
582.78	0.087311	0.084235	0.08314	0.051276	0.090694
582.84	0.086269	0.084222	0.081481	0.05065	0.089632
582.9	0.085251	0.084271	0.079927	0.049969	0.088468
582.96	0.084255	0.084402	0.07849	0.049238	0.087213
583.02	0.083281	0.084636	0.077178	0.048469	0.085883
583.08	0.08233	0.084988	0.075999	0.04767	0.084499
583.14	0.081406	0.085471	0.074955	0.046855	0.083087
583.2	0.080513	0.086092	0.074049	0.046032	0.081671
583.26	0.079654	0.086855	0.07328	0.045212	0.080276
583.32	0.078833	0.08776	0.072649	0.044404	0.078925
583.38	0.078054	0.0888	0.072151	0.043616	0.07764
583.44	0.07732	0.089966	0.071782	0.042853	0.076439
583.5	0.076636	0.091239	0.071535	0.04212	0.075336
583.56	0.076003	0.092599	0.071403	0.04142	0.074344
583.62	0.075425	0.094016	0.071374	0.040756	0.073472
583.68	0.074902	0.095456	0.071436	0.040128	0.072726
583.74	0.074436	0.09688	0.071574	0.039538	0.072113
583.8	0.074028	0.098246	0.071769	0.038984	0.071634
583.86	0.073676	0.099511	0.072002	0.038466	0.071292
583.92	0.07338	0.10063	0.072251	0.037982	0.071086
583.98	0.073138	0.10157	0.072493	0.037529	0.071013
584.04	0.072947	0.1023	0.072705	0.037105	0.071072
584.1	0.072807	0.1028	0.072865	0.036706	0.071255
584.16	0.072712	0.10305	0.072953	0.036329	0.071555
584.22	0.072661	0.10307	0.072953	0.035968	0.071961
584.28	0.07265	0.10287	0.072852	0.035619	0.072458
584.34	0.072673	0.10246	0.072645	0.035277	0.073029
584.4	0.072725	0.10189	0.072332	0.034938	0.073652
584.46	0.072801	0.1012	0.07192	0.034597	0.074301
584.52	0.072892	0.10042	0.071419	0.03425	0.074947
584.58	0.072993	0.099603	0.070849	0.033893	0.075559
584.64	0.073095	0.098785	0.07023	0.033527	0.076102
584.7	0.073191	0.098007	0.069585	0.033148	0.076545
584.76	0.073273	0.097303	0.068939	0.03276	0.076856
584.82	0.073335	0.096706	0.068315	0.032362	0.077009
584.88	0.07337	0.096241	0.067735	0.031958	0.076987
584.94	0.073372	0.095932	0.067218	0.03155	0.076778
585	0.073337	0.095795	0.06678	0.031143	0.076384
585.06	0.073259	0.095848	0.066433	0.030739	0.075813
585.12	0.073136	0.096102	0.066185	0.030342	0.075084
585.18	0.072962	0.096568	0.06604	0.029956	0.074224
585.24	0.072736	0.097254	0.065997	0.029581	0.073262
585.3	0.072456	0.098166	0.066052	0.029221	0.072233
585.36	0.07212	0.099311	0.066194	0.028878	0.071171
585.42	0.071729	0.10069	0.06641	0.028551	0.070108
585.48	0.071283	0.10232	0.066681	0.028242	0.069072
585.54	0.070785	0.10419	0.066983	0.027952	0.06809
585.6	0.070242	0.1063	0.067291	0.02768	0.067182
585.66	0.069657	0.10866	0.067574	0.027425	0.066363
585.72	0.069041	0.11127	0.067802	0.027188	0.065645
585.78	0.068401	0.11412	0.067944	0.026966	0.065035
585.84	0.067746	0.11721	0.067971	0.02676	0.064533
585.9	0.067085	0.12054	0.06786	0.026566	0.064139
585.96	0.066425	0.12409	0.067594	0.026384	0.063846
586.02	0.065772	0.12787	0.067164	0.02621	0.063643
586.08	0.065131	0.13186	0.06657	0.026042	0.063518
586.14	0.064504	0.13607	0.065821	0.025877	0.063451
586.2	0.063892	0.14048	0.064932	0.025713	0.063423
586.26	0.063295	0.1451	0.063927	0.025547	0.063408
586.32	0.06271	0.14994	0.062832	0.025376	0.063382
586.38	0.062138	0.15501	0.061677	0.025198	0.063319
586.44	0.061575	0.16032	0.06049	0.025011	0.063193
586.5	0.06102	0.16588	0.0593	0.024816	0.062982
586.56	0.06047	0.17171	0.058131	0.024612	0.062668
586.62	0.059925	0.17782	0.057005	0.024401	0.062237
586.68	0.05938	0.18421	0.05594	0.024183	0.061684
586.74	0.058835	0.19086	0.05495	0.023961	0.06101
586.8	0.058286	0.19776	0.054046	0.023738	0.060224
586.86	0.057731	0.20485	0.053236	0.023515	0.059338
586.92	0.057168	0.21207	0.052525	0.023295	0.058371
586.98	0.056595	0.21932	0.051913	0.023082	0.057345
587.04	0.056011	0.22651	0.0514	0.022875	0.056282
587.1	0.055415	0.2335	0.050984	0.022679	0.055207
587.16	0.05481	0.24016	0.050659	0.022493	0.054139
587.22	0.054196	0.24634	0.050417	0.022319	0.053098
587.28	0.053576	0.25191	0.05025	0.022157	0.0521
587.34	0.052952	0.25674	0.050143	0.022009	0.05116
587.4	0.052327	0.26074	0.050083	0.021874	0.050288
587.46	0.051705	0.26383	0.050053	0.021753	0.049492
587.52	0.05109	0.26598	0.050034	0.021645	0.048776
587.58	0.050484	0.26717	0.050006	0.021549	0.048144
587.64	0.049892	0.26742	0.04995	0.021464	0.047597
587.7	0.049316	0.2668	0.049845	0.02139	0.047134
587.76	0.048761	0.26536	0.049674	0.021324	0.046751
587.82	0.048228	0.2632	0.049424	0.021265	0.046444
587.88	0.047719	0.26042	0.049085	0.02121	0.046206
587.94	0.047234	0.25713	0.048652	0.021157	0.046029
588	0.046774	0.25345	0.048128	0.021102	0.045903
588.06	0.046335	0.24952	0.047519	0.021043	0.045815
588.12	0.045915	0.24544	0.046835	0.020977	0.045753
588.18	0.04551	0.24133	0.046092	0.020901	0.045701
588.24	0.045116	0.2373	0.045305	0.020813	0.045644
588.3	0.044729	0.23342	0.044493	0.020712	0.045567
588.36	0.044345	0.22977	0.043673	0.020596	0.045457
588.42	0.043961	0.22636	0.04286	0.020467	0.0453
588.48	0.043575	0.22323	0.042069	0.020325	0.045088
588.54	0.043186	0.22036	0.041313	0.020173	0.044814
588.6	0.042794	0.21773	0.0406	0.020012	0.044478
588.66	0.042402	0.21529	0.03994	0.019846	0.04408
588.72	0.04201	0.21299	0.039338	0.019677	0.043628
588.78	0.041623	0.21075	0.038799	0.019509	0.043131
588.84	0.041244	0.20853	0.038327	0.019344	0.0426
588.9	0.040877	0.20625	0.037922	0.019184	0.042048
588.96	0.040527	0.20387	0.037587	0.019033	0.04149
589.02	0.040198	0.20135	0.037321	0.01889	0.040937
589.08	0.039894	0.19866	0.037125	0.018759	0.040404
589.14	0.039618	0.19581	0.036998	0.01864	0.039901
589.2	0.039376	0.19281	0.036937	0.018534	0.039437
589.26	0.039168	0.18967	0.036942	0.018441	0.039022
589.32	0.038998	0.18646	0.037009	0.018363	0.038661
589.38	0.038868	0.18321	0.037134	0.018299	0.038361
589.44	0.038778	0.17997	0.037313	0.018249	0.038125
589.5	0.038729	0.1768	0.03754	0.018214	0.037957
589.56	0.038722	0.17376	0.037807	0.018192	0.03786
589.62	0.038755	0.17087	0.038106	0.018184	0.037835
589.68	0.038829	0.16817	0.038427	0.018189	0.037883
589.74	0.038941	0.1657	0.03876	0.018204	0.038005
589.8	0.03909	0.16346	0.039093	0.01823	0.038202
589.86	0.039274	0.16147	0.039415	0.018263	0.038471
589.92	0.039489	0.15974	0.039714	0.018301	0.038813
589.98	0.039733	0.15828	0.03998	0.018341	0.039223
590.04	0.04	0.15708	0.040205	0.01838	0.039698
590.1	0.040287	0.15614	0.040384	0.018414	0.040232
590.16	0.040588	0.15546	0.040511	0.018439	0.040817
590.22	0.040897	0.15504	0.040589	0.018451	0.041444
590.28	0.041209	0.15485	0.040619	0.018447	0.042101
590.34	0.041518	0.15487	0.040608	0.018424	0.042772
590.4	0.041821	0.15507	0.040563	0.018381	0.043442
590.46	0.042115	0.15541	0.040497	0.018315	0.044091
590.52	0.042397	0.15582	0.04042	0.018229	0.0447
590.58	0.042667	0.15625	0.040346	0.018123	0.045249
590.64	0.042927	0.15662	0.040287	0.017999	0.04572
590.7	0.043179	0.15684	0.040254	0.017862	0.046094
590.76	0.043424	0.15686	0.040256	0.017714	0.04636
590.82	0.043664	0.15658	0.040303	0.01756	0.046507
590.88	0.043899	0.15595	0.040399	0.017404	0.046532
590.94	0.044127	0.15492	0.040547	0.017249	0.046435
591	0.044344	0.15346	0.040745	0.017098	0.046224
591.06	0.044543	0.15157	0.040991	0.016954	0.045909
591.12	0.044714	0.14927	0.041275	0.016819	0.045506
591.18	0.044847	0.14658	0.041589	0.016694	0.045032
591.24	0.04493	0.14356	0.041916	0.016581	0.044508
591.3	0.044952	0.14028	0.042242	0.01648	0.043954
591.36	0.044903	0.13679	0.042545	0.01639	0.043388
591.42	0.044774	0.13319	0.042807	0.01631	0.042829
591.48	0.044562	0.12954	0.043007	0.016241	0.042291
591.54	0.044267	0.1259	0.043125	0.016179	0.041788
591.6	0.043891	0.12234	0.043145	0.016123	0.041328
591.66	0.043443	0.11891	0.043054	0.016071	0.040917
591.72	0.042933	0.11564	0.042845	0.01602	0.040557
591.78	0.042373	0.11257	0.042515	0.015966	0.040247
591.84	0.041778	0.10973	0.042068	0.015907	0.039984
591.9	0.04116	0.10714	0.041514	0.015842	0.03976
591.96	0.040534	0.1048	0.040865	0.015766	0.039567
592.02	0.03991	0.10272	0.04014	0.01568	0.039394
592.08	0.039298	0.10091	0.039357	0.015582	0.039228
592.14	0.038707	0.099373	0.038535	0.015473	0.039059
592.2	0.038141	0.098108	0.037695	0.015353	0.038873
592.26	0.037604	0.097115	0.036855	0.015223	0.03866
592.32	0.037097	0.096392	0.03603	0.015086	0.03841
592.38	0.03662	0.09594	0.035233	0.014944	0.038117
592.44	0.036172	0.095756	0.034478	0.0148	0.037775
592.5	0.035749	0.095839	0.033771	0.014655	0.037382
592.56	0.035349	0.096187	0.03312	0.014513	0.036937
592.62	0.034967	0.096799	0.032529	0.014375	0.036444
592.68	0.034601	0.097671	0.032	0.014243	0.035907
592.74	0.034245	0.0988	0.031536	0.014118	0.035332
592.8	0.033898	0.10018	0.031135	0.014002	0.034728
592.86	0.033556	0.1018	0.030796	0.013895	0.034102
592.92	0.033216	0.10365	0.030517	0.013798	0.033466
592.98	0.032879	0.10571	0.030293	0.013712	0.032828
593.04	0.032542	0.10796	0.03012	0.013637	0.032199
593.1	0.032206	0.11038	0.02999	0.013572	0.031587
593.16	0.031872	0.11292	0.029897	0.013518	0.031001
593.22	0.031539	0.11555	0.029831	0.013475	0.030447
593.28	0.031209	0.11823	0.029782	0.013443	0.029932
593.34	0.030881	0.1209	0.02974	0.013421	0.029458
593.4	0.030554	0.12351	0.029693	0.013408	0.02903
593.46	0.030229	0.12601	0.02963	0.013405	0.028649
593.52	0.029904	0.12836	0.02954	0.01341	0.028316
593.58	0.029578	0.13051	0.029414	0.013422	0.02803
593.64	0.029249	0.13242	0.029243	0.013439	0.027791
593.7	0.028919	0.13409	0.029025	0.013461	0.027595
593.76	0.028586	0.1355	0.028756	0.013485	0.027439
593.82	0.028253	0.13666	0.028438	0.01351	0.027319
593.88	0.027918	0.13758	0.028075	0.013533	0.02723
593.94	0.027586	0.13829	0.027672	0.013553	0.027164
594	0.027257	0.13883	0.027238	0.013568	0.027115
594.06	0.026935	0.13922	0.026782	0.013576	0.027074
594.12	0.026621	0.1395	0.026314	0.013577	0.027033
594.18	0.026318	0.13969	0.025842	0.01357	0.026984
594.24	0.026028	0.13981	0.025375	0.013556	0.026918
594.3	0.025752	0.13986	0.024921	0.013534	0.026829
594.36	0.025493	0.13982	0.024486	0.013508	0.026711
594.42	0.02525	0.13967	0.024076	0.013479	0.026562
594.48	0.025025	0.13937	0.023696	0.013449	0.02638
594.54	0.024819	0.13887	0.023349	0.01342	0.026169
594.6	0.02463	0.13813	0.023037	0.013396	0.025931
594.66	0.02446	0.1371	0.022762	0.013377	0.025672
594.72	0.024309	0.13572	0.022526	0.013367	0.025399
594.78	0.024176	0.13396	0.022329	0.013367	0.02512
594.84	0.024062	0.13181	0.022172	0.013379	0.024842
594.9	0.023967	0.12927	0.022055	0.013404	0.024573
594.96	0.023892	0.12636	0.021978	0.013443	0.024319
595.02	0.023837	0.12312	0.021941	0.013498	0.024087
595.08	0.023803	0.11959	0.021942	0.013568	0.023882
595.14	0.02379	0.11584	0.021982	0.013654	0.023706
595.2	0.023799	0.11193	0.022059	0.013756	0.023565
595.26	0.023829	0.10793	0.022171	0.013872	0.023461
595.32	0.023879	0.1039	0.022317	0.014004	0.023395
595.38	0.02395	0.099895	0.022492	0.014148	0.023369
595.44	0.024037	0.095962	0.022694	0.014302	0.023382
595.5	0.02414	0.092141	0.022916	0.014465	0.023437
595.56	0.024255	0.088461	0.023154	0.014632	0.02353
595.62	0.024377	0.084942	0.023399	0.0148	0.023662
595.68	0.024503	0.0816	0.023644	0.014962	0.023831
595.74	0.024627	0.078441	0.02388	0.015115	0.024032
595.8	0.024744	0.07547	0.024097	0.015251	0.024263
595.86	0.02485	0.072684	0.024285	0.015366	0.024519
595.92	0.024939	0.07008	0.024437	0.015453	0.024792
595.98	0.025009	0.067653	0.024545	0.01551	0.025075
596.04	0.025056	0.065396	0.024602	0.015531	0.02536
596.1	0.02508	0.0633	0.024606	0.015516	0.025638
596.16	0.025079	0.061358	0.024557	0.015465	0.025898
596.22	0.025056	0.059561	0.024455	0.015379	0.026132
596.28	0.025013	0.057903	0.024306	0.015263	0.02633
596.34	0.024952	0.056375	0.024115	0.015121	0.026486
596.4	0.024879	0.05497	0.023889	0.014959	0.026593
596.46	0.024796	0.053681	0.023637	0.014782	0.026649
596.52	0.024707	0.0525	0.023367	0.014597	0.026655
596.58	0.024617	0.05142	0.023088	0.01441	0.02661
596.64	0.024526	0.050433	0.022807	0.014224	0.026521
596.7	0.024439	0.049531	0.022532	0.014045	0.026391
596.76	0.024357	0.048704	0.022271	0.013876	0.026226
596.82	0.02428	0.047942	0.022028	0.013719	0.026032
596.88	0.024209	0.047235	0.021808	0.013576	0.025814
596.94	0.024144	0.046572	0.021616	0.013448	0.025576
597	0.024082	0.04594	0.021454	0.013336	0.025323
597.06	0.024023	0.045327	0.021324	0.013238	0.025057
597.12	0.023964	0.044724	0.021227	0.013154	0.024782
597.18	0.023902	0.044118	0.021161	0.013082	0.0245
597.24	0.023833	0.043502	0.021127	0.01302	0.024216
597.3	0.023754	0.042869	0.02112	0.012964	0.023932
597.36	0.023661	0.042215	0.021139	0.012912	0.023653
597.42	0.023553	0.04154	0.021177	0.012859	0.023384
597.48	0.023427	0.040846	0.021229	0.012803	0.023129
597.54	0.023282	0.040135	0.02129	0.01274	0.022894
597.6	0.023118	0.039413	0.021352	0.012666	0.022683
597.66	0.022937	0.038687	0.021407	0.012578	0.0225
597.72	0.022743	0.037963	0.02145	0.012475	0.022349
597.78	0.022539	0.037248	0.021473	0.012355	0.022232
597.84	0.02233	0.036548	0.02147	0.012219	0.022152
597.9	0.022122	0.035869	0.021436	0.012068	0.02211
597.96	0.021919	0.035214	0.021369	0.011902	0.022107
598.02	0.021726	0.034588	0.021267	0.011724	0.022141
598.08	0.021547	0.033991	0.021129	0.011537	0.022211
598.14	0.021386	0.033427	0.020957	0.011344	0.022314
598.2	0.021244	0.032897	0.020754	0.011148	0.022447
598.26	0.021123	0.032399	0.020525	0.010951	0.022605
598.32	0.021024	0.031935	0.020275	0.010755	0.02278
598.38	0.020944	0.031504	0.020011	0.010562	0.022967
598.44	0.020884	0.031105	0.019738	0.010375	0.023155
598.5	0.020842	0.030738	0.019463	0.010194	0.023336
598.56	0.020815	0.030402	0.019192	0.01002	0.023499
598.62	0.020801	0.030096	0.018932	0.0098534	0.023633
598.68	0.020798	0.029818	0.018686	0.0096951	0.023731
598.74	0.020801	0.029569	0.018461	0.0095451	0.023782
598.8	0.020809	0.029347	0.018258	0.0094033	0.023781
598.86	0.020817	0.029151	0.018082	0.0092695	0.023724
598.92	0.020823	0.02898	0.017933	0.0091436	0.023609
598.98	0.020823	0.028834	0.017813	0.0090253	0.023437
599.04	0.020814	0.02871	0.017723	0.0089142	0.023212
599.1	0.020792	0.02861	0.017661	0.00881	0.022941
599.16	0.020754	0.02853	0.017628	0.0087123	0.022631
599.22	0.020698	0.02847	0.017619	0.0086208	0.022292
599.28	0.020621	0.028428	0.017634	0.008535	0.021931
599.34	0.020522	0.028402	0.017668	0.0084545	0.02156
599.4	0.0204	0.028391	0.017716	0.0083788	0.021187
599.46	0.020254	0.028391	0.017775	0.0083076	0.02082
599.52	0.020085	0.028401	0.017837	0.0082403	0.020466
599.58	0.019894	0.028418	0.017898	0.0081764	0.020132
599.64	0.019684	0.028437	0.01795	0.0081154	0.019822
599.7	0.019456	0.028458	0.017988	0.0080567	0.01954
599.76	0.019213	0.028477	0.018005	0.0079997	0.019289
599.82	0.018957	0.028493	0.017997	0.0079439	0.019072
599.88	0.018691	0.028503	0.017959	0.0078887	0.018891
599.94	0.018417	0.028507	0.017888	0.0078338	0.018746
600	0.018138	0.028506	0.017781	0.0077786	0.018639
