547.7	9.2988e-28
548.08	3.3981e-27
548.13	2.381e-28
548.37	4.645e-28
548.72	4.9606e-27
549	1.5654e-27
549.08	1.5397e-28
549.16	5.8178e-27
549.32	1.9186e-26
549.47	1.4085e-26
549.53	0.15908
549.59	1.99e-27
549.61	4.4999e-27
549.71	2.9857e-27
549.91	9.253e-27
549.92	0.15845
549.95	1.0498e-25
549.96	0.16008
550.04	2.4991e-27
550.14	1.7212e-27
550.2	0.15436
550.34	2.015e-27
550.4	1.2371e-26
550.4	9.8933e-28
550.49	0.14629
550.8	0.15081
550.86	0.14589
550.92	3.2121e-27
550.92	3.8844e-27
550.94	0.14105
551.02	1.8767e-27
551.04	1.1767e-28
551.12	0.10904
551.23	2.933e-27
551.3	4.1747e-28
551.32	0.12221
551.34	2.8215e-28
551.39	0.12535
551.41	0.12816
551.46	6.3782e-27
551.49	8.4252e-24
551.49	0.19283
551.59	1.6834e-27
551.61	1.8051e-27
551.66	0.19208
551.73	2.1384e-27
551.8	3.3774e-27
551.81	0.075056
551.81	0.24148
551.91	0.12156
552.04	0.12375
552.05	8.2811e-27
552.07	0.14248
552.16	0.16251
552.18	1.5245e-27
552.31	3.5225e-27
552.33	4.7304e-28
552.36	2.9074e-27
552.64	0.16115
552.73	0.13597
552.83	5.4067e-27
552.84	0.097097
552.85	0.15954
553.05	0.14798
553.11	0.14451
553.14	0.11826
553.2	0.17048
553.25	0.15439
553.37	0.15028
553.39	0.15804
553.47	1.8453e-26
553.51	0.15307
553.57	0.19393
553.85	0.15012
553.97	0.15571
554.09	0.14323
554.14	0.1452
554.16	0.1499
554.56	0.16433
555	1.8361e-25
555.05	0.0039991
555.15	2.239e-25
555.16	0.13994
555.26	0.0081771
556.27	9.4865e-26
556.29	0.0025281
556.53	6.2927e-27
556.65	7.7717e-25
556.67	0.00094088
556.67	1.9364e-24
556.69	0.0020383
556.96	2.231e-27
556.99	2.2632e-25
556.99	1.0532e-25
557	0.038628
557.03	2.7201e-25
557.03	0.0033973
557.04	4.1796e-25
557.05	5.7814e-27
557.06	0.0049121
557.07	0.0042837
557.21	6.2302e-25
557.23	0.012378
557.25	0.0047622
557.3	1.26e-25
557.39	0.0050869
557.48	8.4208e-28
557.53	3.6285e-27
557.58	1.8269e-26
557.63	0.0060737
557.64	1.047e-24
557.66	0.0010425
557.66	1.972e-27
557.68	1.225e-25
557.7	0.0010131
557.8	7.0647e-27
557.81	1.0935e-26
557.83	6.7869e-26
557.84	0.00026068
557.86	1.7915e-26
557.89	0.026092
557.91	8.3741e-23
557.92	3.2362e-26
557.95	0.076158
557.95	0.013598
557.96	3.3175e-24
557.98	1.5812e-24
557.99	0.059722
558	0.00768
558.04	0.010672
558.07	5.1104e-26
558.1	2.7364e-26
558.11	0.00087145
558.11	7.5942e-27
558.18	1.6023e-27
558.21	4.2915e-24
558.21	6.2766e-05
558.3	0.029535
558.32	1.8312e-24
558.33	4.1448e-25
558.34	0.0011305
558.34	0.00037526
558.39	0.05509
558.4	1.1685e-26
558.41	1.3565e-25
558.42	0.035964
558.43	7.9695e-24
558.47	0.0027887
558.48	5.3722e-25
558.49	0.059116
558.5	8.5475e-27
558.5	0.00077637
558.51	0.0096289
558.52	1.9196e-25
558.53	0.00056142
558.59	0.046501
558.59	0.04683
558.66	1.1764e-26
558.67	6.3757e-28
558.71	5.9418e-26
558.73	4.8269e-26
558.74	6.7614e-26
558.75	0.024022
558.78	0.070289
558.8	0.0039848
558.81	0.011661
558.82	0.0072679
558.82	0.013738
558.82	2.9044e-22
558.84	5.3651e-26
558.84	0.0074647
558.85	3.2614e-25
558.86	5.7576e-24
558.93	2.541e-26
558.93	0.018988
558.94	4.2143e-24
558.94	2.0278e-25
558.94	0.00057124
558.96	2.3025e-26
558.97	1.8133e-25
558.98	0.0018414
559	0.0095106
559	0.0023694
559.05	7.2871e-25
559.06	1.106e-25
559.07	3.976e-25
559.07	0.0008112
559.07	0.069031
559.1	0.0028706
559.1	0.047406
559.15	1.7612e-25
559.18	5.1907e-28
559.2	0.0033061
559.2	0.0084543
559.25	0.061097
559.3	0.052696
559.3	0.016217
559.3	6.6273e-22
559.32	1.8177e-25
559.32	1.872e-26
559.38	6.9967e-25
559.38	1.0541e-25
559.41	2.6372e-26
559.41	0.0033268
559.43	1.3184e-24
559.44	0.032367
559.45	0.0035135
559.47	2.8026e-25
559.47	0.0083754
559.47	1.7446e-25
559.5	4.8183e-24
559.51	1.1718e-23
559.51	5.9295e-05
559.51	0.028219
559.52	0.0093834
559.53	0.0074788
559.53	0.0062509
559.56	9.7555e-25
559.57	0.0011214
559.58	2.2931e-25
559.58	0.0088865
559.6	1.0017e-23
559.61	6.7572e-27
559.62	0.0052435
559.62	7.0806e-26
559.63	9.2033e-26
559.63	5.5689e-25
559.66	0.0011118
559.67	0.0036073
559.69	0.0086468
559.7	1.8544e-24
559.7	7.8219e-25
559.7	0.00063691
559.71	0.08731
559.72	6.1492e-26
559.74	0.021005
559.78	0.0096172
559.81	1.5099e-24
559.82	0.00040478
559.83	0.012835
559.86	9.9796e-25
559.86	0.067161
559.86	2.1402e-24
559.89	0.0035354
559.96	5.0355e-26
559.97	5.7353e-25
559.99	0.0013322
560	1.9955e-25
560	0.002187
560.01	0.0047818
560.03	1.8722e-23
560.05	0.0024041
560.1	4.4695e-26
560.12	1.3722e-26
560.13	1.5974e-24
560.13	0.025456
560.15	7.6446e-26
560.15	0.0019281
560.19	0.077234
560.2	1.1468e-24
560.2	0.00015416
560.21	0.002677
560.23	2.3421e-25
560.24	9.2829e-27
560.24	1.5932e-05
560.24	0.0023271
560.25	0.054391
560.26	0.014046
560.29	1.8235e-24
560.29	0.00015629
560.31	3.3428e-25
560.32	0.0009845
560.34	3.0756e-24
560.35	1.8039e-26
560.35	3.6282e-24
560.35	0.00084913
560.36	0.00070401
560.38	8.7057e-26
560.38	0.0031763
560.41	0.00069743
560.41	1.0504e-23
560.41	4.5474e-05
560.44	1.0849e-25
560.44	4.6235e-25
560.48	5.4599e-25
560.5	0.0086507
560.5	3.0597e-25
560.51	0.010598
560.51	1.6589e-25
560.52	0.0024734
560.53	1.0091e-26
560.55	0.0014772
560.55	1.0904e-25
560.57	0.011847
560.6	0.065993
560.61	0.0024674
560.61	3.2691e-26
560.61	1.3076e-27
560.63	0.0005829
560.63	3.1535e-25
560.64	9.732e-26
560.64	0.00075431
560.68	1.2762e-25
560.7	5.5909e-25
560.7	0.0046291
560.71	0.0007077
560.72	5.8276e-26
560.73	1.8009e-25
560.73	0.0025875
560.74	2.5334e-24
560.74	0.00016906
560.74	1.8217e-24
560.75	0.00047448
560.75	0.017351
560.76	6.4622e-26
560.77	0.0034079
560.78	0.011042
560.79	1.9663e-25
560.79	0.0047218
560.8	1.4799e-24
560.81	0.00037514
560.81	1.1142e-23
560.81	7.4597e-05
560.84	0.016326
560.85	0.0074258
560.88	1.4522e-25
560.88	1.1082e-25
560.89	1.2868e-26
560.9	0.0017572
560.9	1.0843e-25
560.92	0.0011719
560.92	1.5433e-24
560.93	3.8505e-27
560.94	0.0019615
560.95	4.04e-25
560.95	3.1205e-25
560.96	1.5467e-26
560.97	2.3376e-05
560.97	7.9257e-25
560.97	0.0013814
560.99	0.0024526
560.99	0.0047767
561.01	0.0023529
561.01	2.517e-24
561.01	6.7423e-25
561.02	0.00082477
561.02	0.00030353
561.04	3.3122e-25
561.04	1.0574e-26
561.08	0.0054027
561.12	1.0063e-25
561.12	7.997e-26
561.13	1.2285e-25
561.13	7.4871e-27
561.13	0.00037543
561.14	2.5849e-25
561.15	1.497e-23
561.15	0.00010695
561.15	0.0027804
561.16	0.0013172
561.18	4.2385e-25
561.19	8.8886e-27
561.2	0.0037721
561.21	0.0023987
561.23	0.016784
561.23	8.1663e-24
561.24	3.6325e-24
561.24	0.00028048
561.25	7.0026e-27
561.25	0.0023107
561.26	0.00083702
561.26	0.070749
561.26	5.3466e-26
561.27	1.1532e-24
561.28	1.362e-26
561.3	0.0033637
561.32	3.884e-25
561.34	0.0036376
561.34	3.1003e-24
561.35	0.0019693
561.35	0.0010436
561.35	0.0027005
561.35	9.2447e-26
561.36	4.2755e-24
561.38	0.0010753
561.39	1.1799e-24
561.41	0.0013932
561.41	0.0060028
561.42	1.517e-25
561.43	6.9961e-24
561.43	1.4644e-05
561.43	2.8839e-26
561.43	2.3335e-25
561.44	0.00077044
561.45	1.9816e-24
561.46	0.0017714
561.48	2.7773e-25
561.48	0.00027375
561.5	3.1544e-25
561.5	0.00027544
561.51	0.089763
561.51	0.0076334
561.59	0.0026901
561.6	0.0083764
561.62	6.6946e-25
561.62	0.02713
561.63	9.6402e-26
561.63	1.5941e-25
561.63	1.0413e-24
561.64	0.00054089
561.66	0.0076489
561.7	0.0043879
561.7	5.5868e-25
561.71	0.00036637
561.72	1.8047e-27
561.74	7.2325e-26
561.75	5.9402e-26
561.75	1.0864e-24
561.76	2.2457e-24
561.77	0.0003219
561.79	0.0039849
561.79	9.4366e-26
561.81	0.012304
561.81	0.0010136
561.83	0.0076449
561.84	4.2336e-24
561.85	3.1459e-24
561.85	9.1529e-05
561.85	2.1569e-24
561.86	0.00047807
561.87	0.0056868
561.89	4.9968e-27
561.89	1.2512e-26
561.9	1.0373e-24
561.9	8.2784e-05
561.9	1.8753e-25
561.91	2.2161e-26
561.92	5.0834e-25
561.93	2.378e-25
561.93	0.00081897
561.93	5.4718e-24
561.93	0.0027743
561.93	0.0020546
561.94	0.00037949
561.94	0.0006628
561.94	6.0323e-25
561.95	0.0004024
561.95	0.00023035
561.95	1.9417e-22
561.95	0.0051644
561.98	0.0052422
561.99	0.012723
561.99	1.3434e-24
562	0.096903
562	5.7621e-25
562.01	0.00071436
562.02	3.7278e-25
562.02	1.6489e-25
562.03	0.008571
562.04	0.00066155
562.05	0.00093797
562.06	2.379e-24
562.07	0.00022983
562.09	1.0869e-25
562.14	4.0149e-25
562.14	6.5053e-05
562.15	0.072534
562.15	1.6367e-26
562.16	0.0027934
562.17	6.1195e-25
562.18	9.0619e-26
562.19	9.1736e-26
562.19	0.0012597
562.21	0.0021624
562.21	0.0013841
562.25	1.2799e-25
562.25	1.8256e-25
562.26	2.265e-27
562.26	7.6745e-25
562.26	0.0023692
562.27	3.0701e-26
562.27	4.1572e-25
562.27	0.00057308
562.27	1.1812e-25
562.28	0.0014065
562.28	0.00096807
562.28	0.0024156
562.29	0.0024788
562.29	0.00032772
562.29	7.6274e-26
562.3	1.9519e-27
562.3	1.1347e-25
562.31	2.8283e-24
562.33	0.0030806
562.33	0.0048097
562.34	0.0020758
562.35	7.5052e-25
562.35	0.0025111
562.35	7.2828e-27
562.36	0.0027191
562.37	1.7006e-23
562.37	7.7991e-05
562.38	2.1639e-25
562.39	1.7521e-25
562.4	0.00072893
562.4	0.0084958
562.43	0.0037322
562.46	7.4193e-25
562.47	0.0032205
562.47	0.00029341
562.48	2.8372e-26
562.48	1.2088e-24
562.51	0.0031
562.53	3.9569e-26
562.53	7.5196e-05
562.54	0.0033808
562.56	8.6059e-25
562.57	8.6262e-26
562.58	4.6403e-26
562.59	9.9821e-27
562.6	0.0040707
562.6	6.0226e-26
562.62	3.928e-26
562.62	5.5266e-26
562.63	0.0010787
562.63	1.2236e-25
562.64	0.00039505
562.64	0.0029922
562.65	0.0019283
562.68	0.0035349
562.68	3.5462e-24
562.68	1.6272e-24
562.7	0.00109
562.72	8.3262e-27
562.75	7.9541e-25
562.76	0.0031731
562.76	6.4102e-25
562.76	0.015825
562.77	5.2092e-25
562.78	0.0080981
562.79	0.00088558
562.8	2.5619e-25
562.8	2.8441e-26
562.8	2.6232e-27
562.82	0.023245
562.83	4.0189e-25
562.84	0.0036358
562.84	0.00071293
562.84	0.0019455
562.85	0.0013276
562.85	0.0018701
562.86	4.0066e-25
562.92	3.8235e-25
562.92	5.6083e-26
562.93	5.484e-25
562.93	0.00092794
562.93	0.0016288
562.95	0.00084973
562.95	1.2465e-24
562.96	7.5541e-26
562.96	0.00032654
562.96	5.9571e-24
562.96	6.0254e-05
562.97	1.5549e-25
562.99	1.8196e-24
563	2.7841e-25
563	0.0006784
563	0.0063131
563.01	0.010426
563.01	1.796e-26
563.01	5.5558e-26
563.03	4.1622e-26
563.03	0.0094317
563.04	0.0025382
563.08	0.0063749
563.09	2.0885e-24
563.09	2.152e-26
563.09	0.00055692
563.11	2.731e-24
563.11	0.00074813
563.12	0.014535
563.14	5.3836e-25
563.14	0.010152
563.14	0.00060574
563.16	1.5192e-27
563.17	1.4015e-25
563.17	2.9396e-26
563.17	0.00027517
563.17	5.2781e-05
563.18	0.0010806
563.18	1.9248e-25
563.22	5.1397e-25
563.23	0.00065006
563.23	0.0055361
563.26	3.2721e-27
563.26	4.4922e-25
563.27	2.1608e-24
563.29	0.00056205
563.3	0.0052256
563.3	3.863e-25
563.31	7.021e-26
563.31	2.3273e-26
563.32	0.0013928
563.32	0.00098991
563.35	3.2236e-26
563.35	1.5877e-24
563.35	2.4881e-26
563.36	0.0014564
563.38	2.3112e-25
563.38	4.0946e-24
563.39	0.010952
563.4	0.0027599
563.4	2.2068e-25
563.4	0.0039784
563.41	0.00044179
563.42	9.2614e-26
563.43	0.00098639
563.44	0.0037868
563.47	2.0843e-26
563.48	1.9175e-26
563.5	0.0010127
563.51	0.020807
563.52	0.0076164
563.54	1.8759e-25
563.55	1.3108e-24
563.56	0.00064436
563.57	0.0011501
563.6	0.010802
563.61	2.1001e-25
563.61	0.0050012
563.61	2.9124e-25
563.61	7.566e-26
563.62	0.0010046
563.62	2.7531e-25
563.64	9.9675e-26
563.66	0.0011297
563.68	0.0050227
563.69	2.0722e-24
563.7	0.0019117
563.74	5.9213e-26
563.76	0.001115
563.76	3.0899e-25
563.8	0.013872
563.8	0.019262
563.81	1.4883e-25
563.82	1.0939e-26
563.83	2.8563e-24
563.83	3.5462e-25
563.84	0.0029263
563.84	0.011575
563.85	0.00090153
563.85	0.0012664
563.87	0.002524
563.87	2.5062e-24
563.88	0.00028319
563.88	7.5862e-26
563.88	1.3606e-26
563.89	7.1734e-25
563.91	2.7845e-25
563.91	0.0081305
563.92	9.6606e-24
563.92	0.0054533
563.92	5.3045e-05
563.93	0.0012489
563.95	4.1896e-26
563.95	6.6033e-26
563.96	9.0795e-27
563.96	0.0099242
563.96	5.2014e-25
563.97	0.0015204
563.97	2.3438e-26
563.97	1.1702e-23
563.98	0.00024674
563.99	0.002402
564	3.6983e-26
564	7.9918e-26
564.02	1.7261e-24
564.03	0.00044641
564.04	6.6825e-24
564.04	0.00027051
564.05	5.3839e-25
564.05	0.0030596
564.05	0.0038794
564.06	0.0013885
564.07	0.0011361
564.14	0.010446
564.14	6.1485e-26
564.14	1.4334e-26
564.15	1.1611e-25
564.16	0.00072643
564.17	4.3001e-25
564.17	8.0254e-05
564.18	2.3379e-26
564.21	0.0050654
564.21	3.3144e-26
564.22	3.1396e-26
564.22	6.363e-27
564.22	5.9928e-26
564.22	0.002941
564.23	0.0011589
564.23	3.0889e-27
564.26	0.020363
564.28	1.4224e-25
564.3	1.6154e-26
564.3	8.0544e-27
564.31	6.1686e-26
564.33	0.0052971
564.33	0.0068866
564.33	2.622e-25
564.33	1.7394e-24
564.34	5.9658e-26
564.34	1.6301e-25
564.34	2.1598e-26
564.35	0.00039258
564.35	0.0008407
564.36	0.0011628
564.38	0.003044
564.4	1.0811e-25
564.4	2.4562e-05
564.4	2.2244e-24
564.41	0.0019936
564.41	0.00061243
564.41	1.6958e-26
564.42	0.0090903
564.43	0.0099354
564.43	7.0461e-25
564.43	0.0055845
564.43	0.0010499
564.45	3.8274e-24
564.45	0.0006396
564.46	2.0961e-25
564.47	3.1224e-24
564.47	6.0088e-23
564.47	0.0015609
564.47	0.00032538
564.49	0.0025147
564.49	4.9841e-26
564.51	2.8649e-25
564.51	0.0014462
564.52	0.0028103
564.52	0.001723
564.53	1.4405e-25
564.54	5.105e-26
564.54	9.4463e-27
564.57	7.2912e-26
564.58	0.0032296
564.59	0.022828
564.6	5.2261e-25
564.6	2.2831e-26
564.6	9.2919e-27
564.65	2.4384e-26
564.65	0.0052248
564.65	0.014048
564.66	0.00042058
564.66	0.0025102
564.66	0.013965
564.67	4.5254e-26
564.67	0.001267
564.67	0.011848
564.67	2.1874e-25
564.68	6.1851e-25
564.69	4.2477e-26
564.69	6.0515e-25
564.69	0.0019468
564.69	8.7274e-05
564.7	3.4662e-25
564.71	0.0015003
564.71	0.0016212
564.72	1.5305e-26
564.73	3.6105e-26
564.73	3.3952e-25
564.74	0.0090566
564.75	0.0052791
564.75	0.00045083
564.75	1.0942e-24
564.76	5.7811e-25
564.76	4.0054e-23
564.77	0.00046266
564.77	0.00037262
564.77	1.4431e-24
564.77	0.00040075
564.78	1.2818e-24
564.79	1.536e-27
564.8	0.0021422
564.83	7.3926e-26
564.85	0.0028375
564.86	2.0335e-25
564.87	9.0102e-25
564.88	0.0019654
564.89	5.9907e-24
564.89	0.00065439
564.92	1.428e-26
564.94	0.0023999
564.94	0.0028578
564.94	2.5707e-24
564.95	0.0007714
564.95	2.3117e-25
564.99	0.036128
564.99	0.002058
565	1.8482e-25
565.01	2.7657e-26
565.01	0.047212
565.01	5.1482e-24
565.03	0.0022795
565.03	0.0061563
565.05	5.7958e-26
565.05	1.2177e-26
565.07	0.0095397
565.07	3.2323e-26
565.08	8.6807e-25
565.08	0.00040967
565.11	0.022548
565.13	6.9427e-25
565.14	0.014115
565.15	0.013689
565.15	0.0015862
565.15	4.1318e-25
565.15	1.07e-25
565.15	8.6901e-26
565.16	0.00026637
565.18	3.0391e-25
565.2	0.0016247
565.2	4.389e-24
565.21	0.0014022
565.22	0.011104
565.22	1.9744e-24
565.22	7.1741e-25
565.22	0.00033452
565.23	0.00088114
565.24	7.5264e-24
565.24	4.3172e-25
565.24	0.00096771
565.25	0.003215
565.28	0.0052394
565.28	1.4237e-25
565.29	3.7387e-27
565.29	2.4809e-25
565.31	1.3802e-25
565.31	1.2635e-25
565.32	0.0010452
565.32	0.00071227
565.34	8.0356e-26
565.34	5.1339e-26
565.35	1.266e-25
565.35	0.0029638
565.35	0.012334
565.37	1.5656e-25
565.37	0.0027872
565.38	1.0917e-26
565.39	0.0048321
565.4	0.0051761
565.41	6.9578e-26
565.41	0.0076394
565.42	2.6854e-25
565.42	0.0053323
565.44	0.0024099
565.46	1.8174e-25
565.46	0.0040327
565.47	2.0359e-26
565.47	0.0011714
565.48	1.8142e-24
565.48	0.00041552
565.51	1.6044e-26
565.52	3.8911e-25
565.53	0.00082889
565.53	3.0745e-24
565.54	0.0032748
565.54	0.0048293
565.57	2.8145e-25
565.57	4.364e-27
565.59	0.0013776
565.59	2.4733e-25
565.61	3.9304e-23
565.61	0.013292
565.61	0.00013601
565.62	0.0018943
565.63	3.6556e-26
565.64	2.2615e-23
565.64	0.00025573
565.66	0.0015538
565.67	8.1342e-26
565.67	0.0036602
565.68	2.5878e-25
565.68	0.0017707
565.69	1.6651e-27
565.7	8.1298e-25
565.71	0.0060183
565.71	1.3689e-25
565.73	0.0018574
565.73	9.2722e-24
565.74	0.0069324
565.75	0.0125
565.76	7.5186e-25
565.76	0.00037621
565.77	6.0648e-24
565.77	0.00014961
565.78	0.0069335
565.81	5.1745e-27
565.81	0.0049634
565.83	2.6316e-24
565.86	2.4382e-24
565.87	3.5365e-24
565.87	0.0036417
565.88	0.00097736
565.88	7.1678e-26
565.89	0.011895
565.9	6.9319e-26
565.92	2.6915e-26
565.92	3.7935e-26
565.92	0.0029749
565.92	1.7723e-22
565.93	1.5797e-24
565.94	0.0020029
565.94	0.0010971
565.94	8.9176e-23
565.95	0.0013712
565.96	0.025446
565.98	3.3504e-25
566	0.0040333
566	0.0019163
566	0.028735
566.01	4.6479e-26
566.01	2.9147e-25
566.01	2.0115e-25
566.01	0.00039909
566.04	1.2386e-25
566.05	0.0024462
566.06	5.0891e-26
566.06	0.0013969
566.06	2.8942e-25
566.07	6.2703e-26
566.08	1.2508e-25
566.08	1.9393e-25
566.08	7.0606e-25
566.09	1.2375e-26
566.09	0.0013614
566.09	0.0011649
566.09	0.00034881
566.1	0.0040861
566.1	0.0056209
566.1	3.6412e-25
566.1	2.4582e-26
566.12	0.0020505
566.13	0.0070519
566.14	0.0038778
566.15	0.020419
566.15	2.2796e-25
566.15	8.59e-26
566.18	0.028558
566.18	7.0621e-24
566.18	1.8484e-25
566.19	1.1423e-25
566.22	0.025617
566.23	0.0052687
566.24	2.9194e-26
566.26	0.015428
566.26	4.8137e-26
566.27	1.3208e-25
566.27	0.0032087
566.28	0.0018535
566.29	0.0027465
566.3	5.7059e-26
566.3	1.5785e-25
566.31	0.00027107
566.31	8.3628e-27
566.32	4.7567e-27
566.33	2.7952e-25
566.33	9.4713e-25
566.34	0.16852
566.34	0.00069154
566.38	0.071361
566.39	2.5514e-25
566.4	0.014696
566.43	0.073521
566.43	0.021341
566.43	1.4728e-25
566.43	0.11276
566.44	7.5172e-26
566.44	1.1091e-25
566.45	0.00019707
566.45	0.00037052
566.45	6.2825e-25
566.46	3.428e-24
566.47	0.0027984
566.47	4.4509e-25
566.47	0.00047119
566.49	4.3087e-24
566.49	0.001852
566.51	0.12826
566.55	5.8603e-26
566.55	4.6916e-26
566.55	1.4122e-23
566.56	0.00024665
566.56	0.001587
566.56	1.9246e-26
566.57	1.9933e-24
566.58	0.00068424
566.59	9.7101e-26
566.61	0.005856
566.65	0.0077684
566.66	0.011995
566.66	1.6471e-24
566.66	1.0095e-23
566.66	4.2794e-24
566.67	0.094342
566.67	0.002083
566.68	6.7313e-25
566.69	0.0075055
566.69	0.00089075
566.72	5.7598e-25
566.72	0.018828
566.73	0.024626
566.73	4.6886e-24
566.73	0.018182
566.75	0.018349
566.77	2.3412e-26
566.78	4.6112e-24
566.78	6.6319e-24
566.79	0.00018753
566.79	2.5091e-24
566.79	6.4142e-05
566.8	0.00071871
566.8	2.2965e-25
566.81	1.7783e-24
566.81	0.11227
566.82	3.749e-24
566.85	0.0059263
566.86	1.385e-25
566.86	9.6654e-25
566.86	0.00023109
566.87	2.9315e-25
566.87	0.025027
566.87	7.1223e-22
566.87	0.0015028
566.88	1.7793e-24
566.88	0.00047177
566.88	0.0012794
566.9	1.2453e-25
566.91	1.8291e-25
566.92	0.054086
566.92	0.056725
566.93	1.7649e-25
566.96	0.0039492
566.96	0.0020296
566.96	8.8813e-24
566.97	7.7008e-25
566.98	0.012357
566.99	0.061365
567.01	8.5942e-25
567.02	0.004541
567.03	0.054164
567.03	4.2225e-25
567.04	0.1293
567.05	0.025291
567.07	1.9159e-22
567.07	0.0045659
567.08	0.0001649
567.08	0.018116
567.08	9.8912e-25
567.09	6.4323e-26
567.1	0.007773
567.1	0.00068041
567.13	4.8624e-25
567.13	8.9111e-26
567.14	9.9622e-26
567.14	0.12661
567.16	5.6507e-25
567.17	0.00021246
567.18	1.0952e-24
567.22	0.0048336
567.25	2.1412e-23
567.25	0.017227
567.25	3.9708e-25
567.25	0.00049327
567.26	6.9242e-26
567.26	3.6519e-24
567.26	0.00055915
567.27	0.15936
567.29	8.1444e-25
567.31	2.0942e-24
567.31	0.0014557
567.32	5.6443e-24
567.32	0.00016415
567.32	0.0077791
567.32	1.1722e-25
567.33	0.0020032
567.33	9.8603e-26
567.34	7.4476e-25
567.34	0.0012232
567.34	0.0044312
567.36	0.0015458
567.36	1.2136e-25
567.37	0.00058548
567.41	2.4237e-25
567.44	2.7368e-25
567.46	1.8287e-23
567.46	0.00035882
567.46	0.014329
567.47	3.2915e-26
567.47	3.322e-26
567.48	3.9488e-25
567.48	2.1492e-26
567.48	0.00085703
567.49	4.0656e-22
567.5	5.0229e-24
567.5	0.027264
567.5	0.077692
567.5	1.8176e-22
567.51	0.00037909
567.52	0.071483
567.52	4.7975e-23
567.53	0.0061592
567.53	0.014761
567.53	0.04289
567.54	1.2534e-25
567.54	7.2265e-26
567.55	0.099036
567.55	3.0952e-24
567.55	1.4131e-24
567.56	0.00084449
567.58	0.031843
567.6	7.9931e-26
567.61	0.0032139
567.61	0.016517
567.62	1.8678e-25
567.63	1.9895e-26
567.65	0.0012385
567.65	0.0028723
567.65	2.4314e-27
567.66	0.0050995
567.66	8.6686e-25
567.67	0.0051994
567.69	0.082014
567.73	1.1153e-24
567.73	0.0022722
567.74	0.020808
567.74	0.0055655
567.75	6.7681e-25
567.75	7.7996e-27
567.77	1.3529e-25
567.78	0.00031141
567.78	1.4881e-24
567.78	6.859e-23
567.79	0.010732
567.8	0.00071337
567.8	2.3467e-26
567.8	7.6305e-23
567.8	0.0072004
567.81	8.4126e-25
567.81	0.0055524
567.82	7.644e-25
567.82	1.4237e-25
567.83	0.00065128
567.83	0.009896
567.84	0.0042296
567.84	6.374e-25
567.86	0.0026397
567.86	2.0582e-24
567.87	5.9681e-26
567.88	0.0025481
567.89	0.0463
567.91	2.5487e-27
567.91	1.6885e-24
567.92	0.01341
567.93	0.0098452
567.93	2.2772e-26
567.94	1.1015e-24
567.95	0.014304
567.95	0.00058894
567.97	1.6891e-23
567.97	0.17882
567.98	0.027769
567.98	1.0124e-23
567.98	5.6641e-05
567.98	0.030207
568.03	0.0046784
568.05	2.4764e-26
568.08	3.7099e-24
568.09	5.1439e-24
568.09	0.0001493
568.11	0.024104
568.12	2.7385e-26
568.12	4.4217e-24
568.12	0.00027935
568.12	0.005638
568.15	0.053283
568.16	1.3086e-25
568.16	0.0035399
568.17	4.0828e-25
568.17	4.7695e-27
568.17	1.0517e-23
568.19	0.0066016
568.2	0.0042486
568.2	0.0030703
568.21	7.8577e-25
568.22	7.9146e-24
568.23	0.0055498
568.24	3.9746e-25
568.24	2.4072e-25
568.26	0.001095
568.27	5.8846e-25
568.28	0.0052066
568.28	0.010145
568.28	8.391e-24
568.29	1.823e-24
568.29	0.00085653
568.29	7.9665e-05
568.31	1.0855e-24
568.32	0.0096551
568.33	3.7306e-25
568.33	5.8913e-26
568.34	0.00092221
568.34	3.0607e-25
568.35	0.0030331
568.36	0.0079289
568.37	8.0265e-26
568.4	0.0019117
568.4	0.096451
568.43	6.954e-27
568.44	3.2501e-25
568.45	6.3893e-25
568.46	4.8067e-27
568.47	4.4982e-25
568.47	5.8732e-25
568.47	2.4258e-26
568.47	0.0018249
568.48	0.019133
568.48	0.00069752
568.49	5.0863e-24
568.49	0.0015398
568.5	0.0097992
568.51	3.7617e-23
568.51	9.0383e-05
568.53	1.3019e-25
568.54	2.5466e-24
568.54	0.016393
568.54	4.3188e-23
568.55	0.0013042
568.55	1.0153e-23
568.56	0.0055536
568.56	0.02963
568.57	1.8503e-25
568.58	0.004601
568.59	0.0018592
568.6	3.4909e-25
568.61	4.6947e-27
568.61	3.5301e-05
568.64	0.010844
568.69	0.016983
568.71	0.068832
568.72	3.3288e-25
568.73	2.005e-25
568.74	0.0013064
568.75	0.0078831
568.76	1.0829e-24
568.79	3.5802e-25
568.8	0.15174
568.8	1.1779e-25
568.81	0.00066138
568.81	4.373e-24
568.81	0.012714
568.81	0.0010737
568.83	8.4058e-25
568.84	0.0072826
568.84	4.5988e-25
568.87	0.01367
568.87	0.0013877
568.9	5.1702e-24
568.91	6.9285e-05
568.91	1.7664e-24
568.93	0.0012621
568.93	2.3706e-25
568.94	6.1833e-24
568.94	0.0005641
568.95	6.1387e-26
568.95	1.5762e-24
568.95	0.00073052
568.98	3.6203e-27
568.98	4.8283e-25
568.98	0.0043029
568.99	1.4737e-26
569	1.78e-24
569	0.00040921
569	0.00042133
569	0.0056397
569.02	4.7602e-25
569.04	0.0043109
569.04	0.10284
569.04	0.026476
569.06	2.6127e-24
569.07	3.2728e-25
569.08	0.0041738
569.09	1.0114e-23
569.09	0.0016271
569.1	2.4993e-25
569.1	1.5574e-25
569.1	0.0060814
569.1	5.51e-23
569.1	3.0752e-24
569.11	1.478e-25
569.12	0.011535
569.12	0.0020268
569.12	0.010889
569.12	2.3487e-24
569.13	0.00070713
569.14	4.4707e-24
569.15	0.0018443
569.17	0.0050479
569.18	7.2719e-24
569.18	0.00088665
569.18	9.7062e-25
569.18	2.8238e-25
569.19	6.3152e-26
569.19	0.00063103
569.2	0.00073707
569.2	1.0742e-24
569.21	0.00041249
569.21	1.0128e-24
569.23	6.7118e-26
569.23	0.0032852
569.24	0.001444
569.25	0.010329
569.27	9.1935e-24
569.27	0.00014925
569.3	2.4058e-25
569.3	1.7082e-24
569.31	0.0016738
569.31	0.0012188
569.37	0.018458
569.39	8.0406e-26
569.41	0.0021481
569.47	2.6086e-25
569.48	1.8025e-25
569.48	6.7853e-26
569.49	0.00067291
569.49	0.0012876
569.49	7.4884e-26
569.54	0.0030439
569.55	1.1158e-24
569.55	0.00024459
569.55	0.0011967
569.55	2.0671e-24
569.56	2.3027e-26
569.57	0.00077002
569.57	3.9003e-24
569.58	0.00017413
569.61	9.3476e-27
569.61	5.5931e-26
569.63	1.1002e-25
569.64	0.0018905
569.64	4.2916e-25
569.64	6.8271e-05
569.64	0.0012128
569.66	2.8219e-25
569.68	0.0052143
569.69	0.0028141
569.69	0.015652
569.71	1.5456e-24
569.78	9.35e-27
569.79	0.071283
569.81	3.6187e-26
569.82	1.3858e-25
569.82	6.8125e-24
569.82	0.00017734
569.82	0.00028788
569.83	0.00073225
569.83	6.9155e-25
569.84	3.7529e-24
569.84	0.00011453
569.88	7.1067e-27
569.88	1.5461e-24
569.88	9.9952e-24
569.88	6.3461e-05
569.89	0.0027607
569.89	0.0014513
569.89	3.6114e-23
569.9	0.0018787
569.9	0.0018512
569.94	0.0067184
569.97	9.8294e-26
569.98	4.5446e-25
569.98	0.00028752
569.98	2.1767e-26
569.99	0.0028876
570	1.6353e-25
570.02	1.8211e-23
570.02	9.8299e-05
570.03	0.0025095
570.07	6.3786e-25
570.08	2.9062e-26
570.08	0.0007609
570.09	2.6107e-25
570.09	0.00036285
570.1	3.3675e-25
570.12	0.0073431
570.12	0.004593
570.13	8.8513e-26
570.14	0.00092534
570.16	2.6979e-26
570.18	2.3068e-27
570.2	0.12486
570.23	0.0019386
570.23	1.0519e-24
570.23	9.6103e-27
570.24	0.0027321
570.24	0.001112
570.25	1.3469e-25
570.25	0.00035521
570.25	3.2332e-25
570.25	0.00079612
570.26	0.0013351
570.27	5.3124e-25
570.29	0.0012556
570.3	3.7363e-27
570.32	1.5267e-24
570.32	0.00082859
570.35	2.4827e-25
570.36	2.0392e-23
570.36	6.6925e-26
570.37	0.0010531
570.37	0.00065046
570.37	0.009143
570.38	1.1976e-26
570.41	8.1198e-24
570.41	8.6406e-05
570.43	5.1833e-28
570.44	5.6067e-25
570.44	0.00019474
570.47	1.1076e-26
570.48	5.0054e-27
570.49	0.0020125
570.5	0.0079852
570.52	0.0064118
570.52	0.011983
570.56	4.94e-25
570.57	1.588e-26
570.57	0.0009429
570.6	4.0515e-25
570.61	0.0036652
570.62	3.0089e-25
570.65	0.0013364
570.66	1.4766e-27
570.68	8.5035e-23
570.68	0.00013673
570.69	3.5133e-24
570.69	0.00026061
570.7	2.2487e-23
570.7	5.4933e-05
570.71	2.649e-26
570.73	1.5357e-25
570.74	0.00066794
570.74	8.7323e-25
570.77	0.0047254
570.77	0.0040576
570.79	1.9922e-27
570.79	6.1284e-27
570.81	2.788e-25
570.85	0.007522
570.88	8.256e-26
570.89	2.1901e-24
570.89	0.00056079
570.89	4.8991e-23
570.89	5.9302e-05
570.9	2.6804e-25
570.92	0.0037003
570.92	0.045979
570.92	0.0016359
570.93	0.00073196
570.94	2.099e-25
570.95	1.5625e-23
570.95	0.0010296
570.96	1.9074e-23
570.96	3.7445e-27
570.98	1.2755e-26
571	0.031659
571.01	0.038219
571.02	1.3482e-24
571.02	0.00045325
571.04	4.8956e-27
571.05	4.7303e-24
571.05	0.00012123
571.06	0.030984
571.07	0.0066723
571.09	0.0022799
571.09	0.0044866
571.1	7.441e-25
571.11	3.0328e-25
571.16	2.0573e-24
571.16	2.2411e-27
571.18	1.7301e-26
571.21	2.0562e-24
571.21	9.1838e-06
571.21	0.0227
571.23	0.064715
571.29	2.8047e-26
571.3	0.0033608
571.3	0.035539
571.31	1.198e-25
571.36	0.0039022
571.36	0.053333
571.36	0.0084737
571.38	1.0422e-24
571.39	4.9673e-24
571.39	0.00099466
571.39	1.2903e-23
571.4	0.00072609
571.42	0.0051178
571.42	1.1062e-23
571.42	2.1161e-26
571.5	1.236e-24
571.5	0.067711
571.52	6.9903e-27
571.53	0.00085782
571.55	0.0075075
571.55	1.7884e-22
571.55	8.3781e-06
571.6	1.1234e-23
571.6	0.0001021
571.6	1.232e-23
571.61	3.6766e-25
571.61	0.00014998
571.61	0.0019405
571.63	0.024776
571.64	0.015868
571.65	0.099031
571.67	7.0881e-21
571.67	6.7885e-07
571.7	5.5247e-25
571.7	4.8467e-24
571.71	1.063e-25
571.72	0.0041763
571.77	7.5296e-27
571.79	0.03533
571.8	2.275e-26
571.83	0.016835
571.85	7.9448e-26
571.85	2.8078e-24
571.85	0.00031062
571.86	0.00093038
571.89	0.0099422
571.9	9.8867e-26
571.91	0.00057621
571.93	2.0289e-25
571.95	4.8965e-26
571.95	0.00062616
571.98	1.1551e-25
572	2.3543e-25
572.01	0.096972
572.02	0.00065156
572.03	1.7068e-24
572.03	0.00036577
572.07	0.048358
572.07	4.5264e-26
572.08	4.6032e-26
572.11	4.331e-26
572.13	0.0036656
572.15	0.022548
572.16	3.5021e-24
572.16	0.00030603
572.17	7.7994e-27
572.18	0.00045494
572.25	0.0095088
572.26	2.4205e-24
572.28	0.0043397
572.33	9.2608e-26
572.39	0.0076504
572.39	2.5477e-24
572.4	0.00010012
572.4	2.9685e-24
572.41	0.00012094
572.45	7.1432e-27
572.45	9.6268e-24
572.45	0.00038667
572.46	1.9373e-23
572.46	0.0006827
572.48	8.1696e-26
572.56	1.4137e-23
572.56	0.00010021
572.61	1.8797e-25
572.63	7.7293e-27
572.66	0.044639
572.69	0.0064713
572.71	0.11479
572.71	1.2665e-26
572.73	9.5214e-27
572.73	9.0914e-27
572.74	3.0577e-25
572.75	2.6404e-23
572.76	0.00089265
572.76	0.00020638
572.77	1.4603e-24
572.82	1.3311e-25
572.84	0.016221
572.85	3.8992e-27
572.88	2.2452e-27
572.89	0.018754
572.89	2.2548e-24
572.89	3.7187e-05
572.91	1.3482e-28
572.96	8.5433e-27
572.97	1.7778e-24
572.97	0.00026143
573	1.2297e-27
573.03	1.816e-27
573.04	0.0014646
573.05	1.1938e-23
573.06	0.012411
573.12	6.6245e-24
573.12	2.8389e-25
573.13	0.00050226
573.16	9.345e-24
573.16	0.00023596
573.16	2.5824e-21
573.17	0.015506
573.2	6.6415e-23
573.2	9.9616e-05
573.2	0.014996
573.24	5.8883e-26
573.24	0.00012644
573.24	1.1459e-25
573.25	5.8815e-26
573.27	0.0012871
573.31	9.4425e-24
573.31	0.10383
573.31	6.1935e-05
573.37	0.025089
573.41	3.1487e-27
573.45	3.6087e-27
573.49	0.075499
573.54	0.065833
573.54	0.064805
573.57	0.0078567
573.59	3.1562e-27
573.64	5.1078e-27
573.65	1.5148e-27
573.67	0.054886
573.68	0.022307
573.69	3.0749e-24
573.69	2.6797e-24
573.7	3.8394e-26
573.71	0.0022236
573.72	0.01246
573.73	0.027002
573.74	6.0229e-26
573.75	0.086539
573.8	1.9562e-24
573.81	4.0294e-26
573.84	8.6396e-27
573.85	0.021337
573.89	0.00096776
573.9	4.5872e-25
573.94	0.015779
573.96	1.0132e-24
573.98	0.019698
574	0.033743
574.01	0.01965
574.02	4.2346e-24
574.03	0.12884
574.03	0.0059781
574.07	0.11196
574.07	0.028821
574.09	6.5603e-26
574.09	0.00050879
574.1	3.0862e-24
574.15	6.4205e-24
574.16	0.0037202
574.21	5.1525e-27
574.29	4.1094e-27
574.3	0.0010372
574.3	4.781e-23
574.3	2.7062e-23
574.3	4.0357e-05
574.32	4.0615e-28
574.37	5.1688e-26
574.38	7.3605e-26
574.42	0.0031868
574.43	1.4644e-26
574.44	1.8125e-22
574.44	0.0058372
574.51	0.0071917
574.52	0.0096252
574.52	0.097822
574.55	0.085585
574.55	8.9628e-25
574.63	0.0044262
574.64	0.10698
574.65	5.8913e-24
574.68	0.00075353
574.68	7.954e-23
574.7	5.9391e-27
574.73	0.032859
574.75	0.020081
574.76	6.3203e-26
574.78	8.3468e-25
574.79	0.08791
574.84	0.048086
574.85	1.1404e-25
574.85	0.00075753
574.86	1.6041e-23
574.87	0.0124
574.89	0.068846
574.89	2.4794e-23
574.89	5.2684e-25
574.9	6.9918e-25
574.9	0.00066224
574.93	0.0049233
575	1.4294e-24
575.01	0.023295
575.02	0.11013
575.06	2.0214e-26
575.07	1.2967e-26
575.1	1.6315e-25
575.11	0.00062519
575.27	0.019826
575.3	1.8298e-27
575.31	0.00021239
575.31	2.1606e-22
575.34	0.025611
575.36	7.0584e-27
575.39	0.036124
575.41	8.6321e-27
575.41	1.6039e-26
575.48	2.1927e-24
575.49	0.00038982
575.49	6.1519e-26
575.5	0.074948
575.54	0.027458
575.57	0.077685
575.74	5.5408e-23
575.74	0.00013787
575.75	1.7315e-23
575.75	9.5862e-05
575.78	0.0713
575.78	4.0108e-27
575.79	0.12057
575.84	0.051582
575.87	9.1512e-27
575.89	4.0628e-27
575.98	4.9291e-27
576	0.052668
576.19	2.8332e-27
576.22	1.0482e-26
576.24	2.0115e-25
576.24	1.136e-24
576.26	0.0021716
576.26	0.015382
576.28	0.064529
576.31	0.047116
576.36	0.14168
576.37	1.1813e-27
576.38	5.4972e-26
576.39	2.0621e-27
576.46	1.8952e-27
576.48	2.8511e-26
576.53	2.3843e-25
576.54	5.4107e-28
576.56	6.5612e-27
576.57	0.0020569
576.59	1.0744e-25
576.63	0.0044839
576.67	0.0023295
576.67	0.059593
576.7	8.4694e-27
576.72	0.074567
576.74	0.024211
576.74	1.8969e-24
576.8	0.11903
576.82	3.452e-26
576.83	4.6904e-26
576.9	0.039449
576.93	1.0895e-24
576.93	3.8136e-05
576.98	0.040492
577.12	1.2047e-27
577.12	4.582e-25
577.15	4.9085e-25
577.16	0.016776
577.21	6.329e-28
577.23	0.091797
577.25	0.021722
577.25	3.4334e-25
577.26	3.3181e-27
577.28	0.13936
577.29	0.075718
577.36	0.12394
577.45	1.456e-26
577.45	6.1189e-27
577.47	0.11278
577.47	0.031238
577.51	0.071647
577.54	0.10114
577.55	0.098438
577.58	6.0973e-26
577.59	1.187e-24
577.61	0.043272
577.62	0.0036844
577.69	8.1783e-27
577.73	2.001e-25
577.77	0.034362
577.8	0.0038518
577.85	3.9876e-24
577.88	7.4597e-25
577.88	0.0068282
577.89	0.0093994
577.94	0.12728
577.96	0.055481
577.96	2.007e-24
577.98	0.019029
578	0.007946
578.05	2.1628e-26
578.07	3.9397e-24
578.08	4.7445e-25
578.08	0.0001575
578.13	4.9572e-24
578.14	0.0011322
578.14	0.01542
578.19	0.013177
578.21	3.7763e-24
578.23	0.14047
578.23	0.068529
578.24	0.005208
578.37	9.622e-27
578.41	0.07899
578.44	1.8918e-25
578.46	6.0187e-27
578.47	0.0045331
578.52	6.5768e-26
578.55	9.6115e-28
578.6	3.7865e-25
578.61	0.012265
578.64	3.2667e-27
578.69	2.414e-24
578.7	0.0012407
578.71	0.013747
578.72	0.0043793
578.78	1.2044e-25
578.79	9.498e-28
578.8	0.0017161
578.8	2.2892e-26
578.85	5.2274e-25
578.86	5.5426e-23
578.86	0.00068734
578.87	0.00034147
578.92	1.64e-27
578.92	6.6495e-28
578.95	5.512e-28
578.97	7.8137e-24
578.98	0.00034215
578.98	0.0013936
579.06	8.781e-27
579.09	3.9032e-26
579.1	1.1814e-24
579.11	3.4607e-25
579.12	0.00058091
579.13	0.035329
579.15	4.1746e-25
579.15	8.0093e-05
579.15	0.0069777
579.18	5.8851e-26
579.21	0.0020095
579.23	1.2762e-26
579.25	0.050793
579.25	2.7422e-25
579.26	0.021611
579.26	1.347e-23
579.26	0.0038558
579.27	0.086626
579.27	0.0020083
579.28	0.096231
579.28	5.3116e-27
579.28	0.0076363
579.3	0.0002236
579.3	0.048357
579.34	6.8538e-26
579.34	4.6661e-25
579.35	1.6763e-26
579.37	0.007832
579.4	4.3098e-26
579.41	6.1994e-26
579.41	0.060158
579.43	0.0044835
579.43	0.013478
579.44	7.2893e-27
579.56	2.0317e-24
579.57	0.027277
579.57	0.016486
579.6	2.1436e-24
579.6	0.0034807
579.62	0.0026502
579.62	0.06692
579.65	0.0028327
579.66	3.1597e-24
579.68	6.721e-26
579.68	6.5725e-25
579.69	0.00020728
579.69	0.001443
579.71	3.8742e-25
579.72	0.083931
579.81	0.021919
579.81	1.3738e-24
579.83	1.7406e-22
579.83	0.00065961
579.89	5.0831e-23
579.89	0.00020146
579.92	3.502e-24
579.92	0.00023104
579.92	2.2062e-25
579.93	0.010873
579.95	0.0012134
579.95	3.3446e-22
579.95	5.3461e-26
579.95	1.3835e-05
579.98	0.0015251
580.02	5.2357e-24
580.02	0.00067801
580.07	2.0218e-26
580.08	1.0932e-24
580.1	0.0023494
580.13	0.0077843
580.17	0.026954
580.2	8.6228e-25
580.21	5.7155e-25
580.22	0.00028763
580.22	2.3459e-24
580.23	0.00058362
580.23	1.754e-23
580.23	0.00019819
580.25	0.0053262
580.26	9.1818e-25
580.27	0.00016303
580.27	5.9411e-25
580.27	1.342e-25
580.29	0.0016087
580.33	0.0098554
580.35	1.2045e-26
580.36	3.8974e-26
580.37	0.0040659
580.38	0.0022913
580.44	1.5023e-24
580.45	2.7048e-26
580.47	0.0045004
580.47	2.7701e-23
580.47	7.5139e-25
580.48	0.00028635
580.48	0.0013638
580.5	3.4612e-25
580.51	1.387e-25
580.51	1.1625e-26
580.51	1.0763e-25
580.53	0.0026951
580.54	0.00029584
580.55	0.003118
580.55	0.0077038
580.55	5.6641e-25
580.56	0.00061934
580.57	4.0915e-26
580.58	4.7876e-24
580.58	0.00032208
580.59	6.2808e-27
580.6	1.7278e-24
580.6	0.017675
580.61	0.0011693
580.63	5.2488e-27
580.64	0.0052752
580.64	0.00012115
580.66	7.8634e-24
580.66	0.00061307
580.68	2.1731e-26
580.71	0.0058256
580.72	0.0046316
580.74	6.1252e-27
580.75	2.3265e-25
580.75	0.00066282
580.78	0.00061009
580.78	5.017e-25
580.79	4.0919e-24
580.79	0.00052325
580.79	0.0010876
580.83	9.7961e-25
580.84	0.0014944
580.84	8.5811e-24
580.85	0.00014572
580.86	2.8612e-24
580.86	1.7547e-24
580.87	1.0095e-25
580.88	0.001427
580.89	0.0039913
580.89	5.8369e-25
580.89	0.00017504
580.91	0.0046733
580.94	8.982e-28
580.94	1.8614e-25
580.95	0.00063635
580.99	8.1079e-26
580.99	9.5261e-26
581	5.3535e-24
581	0.00010628
581	0.00010286
581.01	9.9823e-25
581.02	0.0018669
581.03	0.0027085
581.03	0.0007748
581.06	3.9598e-26
581.07	4.1399e-27
581.08	2.8147e-26
581.08	2.7212e-24
581.08	0.00033072
581.09	7.9512e-25
581.09	7.8531e-24
581.1	0.0014172
581.1	0.00033145
581.1	0.00060817
581.1	1.6942e-25
581.16	0.015529
581.18	9.6048e-25
581.18	1.0722e-22
581.18	0.0095158
581.18	0.00068745
581.19	0.0012757
581.19	6.7909e-25
581.19	0.0083637
581.25	0.0079819
581.26	1.6415e-25
581.27	1.0156e-26
581.27	0.0010323
581.29	3.8027e-25
581.3	3.389e-24
581.3	1.1112e-24
581.3	0.0012986
581.31	0.0015715
581.31	0.00084146
581.34	0.0079365
581.37	3.0426e-23
581.37	0.00024296
581.38	6.1688e-25
581.39	0.0011708
581.39	1.1926e-25
581.39	5.2634e-25
581.39	1.2691e-26
581.41	0.00084987
581.42	0.0023618
581.45	2.2425e-25
581.49	4.5473e-25
581.49	4.3191e-25
581.49	0.00014929
581.5	5.9475e-24
581.5	0.00014558
581.5	0.017223
581.5	1.5079e-21
581.51	3.1528e-25
581.51	0.0024357
581.51	0.0009094
581.53	2.272e-25
581.54	0.014527
581.55	0.0018096
581.55	5.3389e-25
581.56	3.3502e-26
581.57	3.9844e-26
581.57	6.4092e-25
581.57	0.00023251
581.58	0.0099956
581.58	1.6517e-24
581.59	0.00075099
581.6	5.2671e-25
581.6	0.0047098
581.61	0.0062194
581.62	0.001757
581.63	2.6333e-24
581.63	0.00047018
581.64	6.7448e-24
581.65	0.00041674
581.65	0.0074461
581.65	4.1968e-25
581.66	0.001649
581.67	6.0123e-24
581.67	0.00045257
581.67	1.7013e-26
581.68	1.1607e-27
581.69	1.3022e-24
581.69	0.00038771
581.7	0.0029645
581.74	1.0238e-25
581.74	1.2662e-26
581.75	0.0010502
581.75	1.55e-24
581.76	0.0012034
581.76	3.3332e-24
581.76	0.00081538
581.81	0.0081964
581.83	1.844e-25
581.83	0.00056098
581.87	6.0824e-26
581.9	0.0016061
581.92	0.0082137
581.92	2.2916e-24
581.93	4.6481e-26
581.93	4.3501e-26
581.93	0.0001707
581.94	2.7467e-26
581.96	1.6814e-26
581.97	0.0028337
581.98	0.0085975
581.99	0.00342
581.99	1.5167e-25
582	7.5933e-26
582.01	0.00011558
582.01	0.0008211
582.01	2.2109e-24
582.02	5.6088e-25
582.02	0.000509
582.03	0.00077221
582.04	1.9525e-26
582.04	1.5569e-23
582.04	0.00024224
582.04	2.918e-24
582.05	0.00018238
582.05	1.0483e-26
582.05	4.5037e-26
582.06	0.004703
582.07	0.00018959
582.1	0.0051717
582.12	3.0221e-26
582.13	0.0012463
582.16	9.7445e-27
582.17	0.000704
582.17	2.455e-24
582.18	0.00040029
582.18	3.2112e-26
582.19	9.4609e-27
582.2	0.0017879
582.2	0.011094
582.2	1.0684e-24
582.2	3.2674e-26
582.21	0.0023133
582.21	0.0005081
582.22	2.856e-24
582.22	0.0015498
582.23	0.00091776
582.23	9.7431e-26
582.23	1.3702e-25
582.24	0.0013092
582.26	0.0030264
582.27	7.8075e-27
582.27	2.0115e-25
582.27	0.00014435
582.27	2.8899e-24
582.28	4.5895e-25
582.29	0.0013531
582.29	0.00025319
582.31	5.3292e-27
582.31	2.3684e-25
582.34	5.0345e-26
582.34	3.7885e-26
582.34	0.0016392
582.35	1.6795e-27
582.36	6.5544e-25
582.36	0.0030045
582.37	2.5583e-26
582.38	5.8571e-25
582.38	4.9734e-25
582.38	0.00018814
582.38	5.346e-24
582.38	0.002421
582.39	2.4079e-24
582.39	0.0037838
582.4	8.0284e-26
582.4	0.00020567
582.4	0.0065288
582.41	0.0032308
582.41	0.0019429
582.41	1.3689e-25
582.42	1.9416e-23
582.42	0.00013708
582.42	0.0052245
582.43	0.0071585
582.43	1.8144e-25
582.44	0.00068039
582.44	0.00048306
582.45	0.01093
582.45	0.0012348
582.47	1.3774e-24
582.47	0.00051085
582.48	1.3672e-24
582.49	1.0652e-26
582.5	0.00078426
582.52	0.0013681
582.53	4.8977e-25
582.54	0.00055642
582.54	1.0113e-26
582.55	8.5481e-25
582.55	1.5011e-25
582.55	7.1097e-26
582.56	0.0012662
582.57	0.0021121
582.58	5.2802e-26
582.59	4.8425e-26
582.59	1.9372e-25
582.59	0.00064699
582.59	5.021e-26
582.59	4.5364e-26
582.59	0.00384
582.62	0.0039054
582.62	3.4182e-26
582.63	4.4905e-25
582.63	1.0247e-25
582.64	2.1949e-05
582.64	5.8035e-23
582.64	0.0041936
582.64	2.2919e-23
582.64	0.00010931
582.64	0.001708
582.65	0.00030055
582.66	1.438e-25
582.66	0.00099049
582.67	1.0599e-24
582.68	7.4033e-27
582.68	0.0040419
582.68	0.00064461
582.7	7.117e-05
582.72	9.1262e-26
582.72	1.3607e-26
582.72	7.9966e-23
582.72	8.777e-05
582.72	6.7002e-25
582.73	1.0338e-25
582.73	0.00060168
582.74	1.8085e-25
582.75	0.0032391
582.75	0.0014933
582.76	0.00047982
582.76	0.0030932
582.76	4.3398e-24
582.77	0.0003483
582.77	1.2342e-23
582.77	0.0044054
582.77	0.00041222
582.79	1.6585e-27
582.8	1.5158e-27
582.81	7.0536e-27
582.81	0.00051313
582.82	5.0374e-24
582.83	0.00019021
582.83	1.1158e-25
582.84	0.00054928
582.84	5.9538e-23
582.84	0.00080821
582.84	5.6746e-26
582.85	0.0010039
582.88	4.5521e-27
582.89	0.0012456
582.89	0.0004733
582.92	7.4711e-27
582.92	0.003538
582.95	3.1941e-26
582.95	0.0006792
582.96	2.8011e-25
582.96	4.0839e-28
582.97	5.5959e-26
582.97	9.5659e-28
582.99	0.00015547
582.99	0.0044912
582.99	8.1269e-05
583	0.00049695
583	0.00031233
583.01	2.4454e-25
583.01	3.6398e-25
583.01	0.00016744
583.02	8.7282e-27
583.03	0.0012747
583.03	3.3586e-26
583.04	0.00030068
583.05	2.1284e-27
583.05	6.0367e-25
583.05	1.4188e-26
583.05	0.00056154
583.07	3.0236e-25
583.07	1.9768e-25
583.08	1.4625e-25
583.08	0.0020968
583.08	7.1686e-05
583.09	0.0023159
583.1	5.9532e-25
583.1	0.0041162
583.11	1.7617e-25
583.11	4.1034e-26
583.11	0.00070252
583.12	2.7073e-24
583.12	0.0012769
583.12	0.00022081
583.12	0.00055698
583.13	0.00073564
583.13	1.0596e-24
583.15	0.0038881
583.16	3.769e-27
583.16	2.5512e-26
583.16	7.5694e-28
583.17	1.2628e-25
583.18	0.0026581
583.19	0.000135
583.19	2.932e-26
583.2	0.0012863
583.2	5.847e-20
583.2	0.0001151
583.21	0.00044182
583.23	0.00016674
583.24	1.5227e-27
583.25	1.0903e-05
583.25	0.0027827
583.25	1.1906e-24
583.25	0.0001205
583.25	0.00045041
583.26	8.9866e-27
583.26	1.4815e-24
583.27	0.0025774
583.28	0.0015684
583.28	6.4062e-27
583.3	0.00060711
583.31	4.9315e-25
583.31	3.5443e-26
583.32	5.4825e-24
583.32	3.8953e-05
583.33	1.0205e-26
583.34	0.0030045
583.34	0.0020674
583.34	3.0451e-22
583.35	7.3104e-26
583.35	8.8571e-26
583.35	0.00049284
583.35	0.00011443
583.35	0.00039812
583.36	9.4152e-25
583.36	0.0041728
583.36	2.9526e-26
583.37	2.6853e-27
583.39	9.1081e-25
583.39	0.00019922
583.4	0.0002976
583.4	9.8018e-26
583.4	3.2334e-24
583.4	0.0068799
583.41	6.6677e-26
583.42	6.0477e-26
583.43	4.2234e-25
583.43	0.003015
583.44	2.6815e-27
583.44	0.00051141
583.45	0.0040453
583.45	0.0024426
583.46	0.0046122
583.46	5.7343e-25
583.48	0.00048663
583.48	2.9535e-26
583.49	1.5798e-26
583.5	7.2806e-28
583.5	4.6677e-26
583.5	0.00076497
583.5	0.0027831
583.51	0.00016708
583.53	0.0013051
583.53	0.00030429
583.54	0.00056932
583.54	1.9215e-25
583.57	0.00011643
583.59	1.1811e-24
583.6	1.3821e-24
583.6	0.0015779
583.6	0.00031295
583.61	4.4228e-25
583.62	0.00054064
583.63	1.7302e-24
583.63	3.2363e-26
583.63	9.5814e-25
583.63	1.5427e-24
583.64	0.00032
583.64	4.8443e-24
583.64	0.0011443
583.64	0.0010847
583.65	6.7695e-26
583.65	2.4902e-27
583.65	1.201e-23
583.65	0.00020404
583.66	0.00093084
583.67	0.00022716
583.67	0.0002823
583.67	5.4868e-25
583.67	0.0037982
583.68	0.00074156
583.69	0.000961
583.7	2.975e-27
583.7	1.164e-26
583.72	4.2506e-26
583.73	6.4056e-26
583.74	5.2066e-27
583.75	0.00068049
583.75	0.0023506
583.75	2.0384e-24
583.76	6.9092e-05
583.76	0.0010141
583.76	0.00047615
583.76	0.00013243
583.77	5.1517e-26
583.77	1.2586e-25
583.77	5.6381e-25
583.78	0.00011786
583.79	2.5446e-24
583.79	0.00033044
583.82	2.6524e-05
583.82	1.0434e-24
583.82	6.1962e-27
583.82	2.766e-25
583.82	0.0025927
583.83	0.00031708
583.84	4.9053e-25
583.84	1.5545e-23
583.84	1.1374e-23
583.84	0.0013167
583.85	0.0012658
583.85	0.00033612
583.87	1.992e-25
583.89	0.00072413
583.89	1.6715e-25
583.9	3.1741e-25
583.9	0.00077265
583.91	3.6699e-27
583.91	0.002542
583.91	0.0016278
583.92	4.7202e-25
583.93	1.4089e-26
583.93	4.3486e-25
583.94	0.00096837
583.94	0.0019541
583.95	0.0019739
583.95	5.0725e-27
583.96	0.0035187
583.97	1.7024e-25
583.97	0.0029562
583.98	7.7971e-26
583.98	0.0013888
583.99	7.1181e-05
584.01	1.6953e-27
584.02	6.3226e-26
584.02	1.0948e-24
584.02	2.7795e-25
584.02	0.00032413
584.02	0.0024993
584.03	0.001602
584.04	0.0011808
584.05	2.358e-26
584.05	4.7964e-26
584.06	0.00020104
584.07	4.1476e-27
584.07	1.1432e-25
584.08	2.1711e-26
584.08	1.9287e-25
584.09	0.00068414
584.09	6.7585e-26
584.1	0.00064045
584.1	0.00041932
584.11	8.8032e-26
584.11	4.05e-24
584.11	0.0002305
584.11	8.4328e-27
584.11	1.3239e-24
584.11	0.00079786
584.13	0.0003473
584.13	0.00020072
584.13	0.0022548
584.14	5.3285e-26
584.15	6.422e-28
584.15	5.4704e-25
584.16	0.00040803
584.16	2.299e-26
584.16	1.9673e-25
584.17	1.3321e-26
584.18	0.00067364
584.18	0.0010805
584.18	1.4917e-25
584.19	7.8537e-26
584.19	0.000619
584.19	1.9426e-25
584.19	0.00055528
584.21	1.0201e-25
584.21	4.5633e-05
584.22	0.00023035
584.23	1.3111e-25
584.23	0.0052644
584.23	0.00019472
584.24	0.00011282
584.24	1.212e-26
584.24	2.9108e-27
584.26	0.00022244
584.27	1.4049e-25
584.28	0.0072019
584.28	0.0017448
584.28	1.7701e-25
584.29	0.0021671
584.29	2.7352e-26
584.3	0.00081101
584.31	0.0023984
584.31	0.00024316
584.32	2.2559e-26
584.32	5.127e-26
584.32	0.0019019
584.33	3.0988e-25
584.33	1.0644e-26
584.33	2.4599e-25
584.34	0.00083953
584.34	0.0011081
584.36	0.0023388
584.37	0.0003893
584.41	7.0904e-27
584.41	1.8227e-24
584.41	2.8056e-25
584.42	2.194e-05
584.42	1.3798e-24
584.42	8.7429e-26
584.42	0.00067746
584.44	0.002558
584.44	5.3312e-27
584.46	1.025e-25
584.48	0.00012515
584.48	9.4472e-25
584.48	0.0033821
584.48	8.2097e-24
584.49	0.00034101
584.49	0.0014194
584.49	0.0010213
584.5	8.1521e-27
584.5	0.0021423
584.51	2.3226e-26
584.52	6.933e-27
584.52	4.2264e-05
584.53	6.3346e-25
584.53	2.5528e-05
584.53	3.4564e-25
584.54	0.00098367
584.54	0.0015696
584.55	0.00091949
584.55	9.7267e-27
584.56	2.2328e-25
584.57	0.00058605
584.57	3.9495e-26
584.57	0.00020178
584.57	1.919e-25
584.57	0.0020735
584.57	1.2966e-25
584.58	0.00022615
584.58	2.087e-24
584.59	0.00013611
584.59	1.7669e-26
584.6	0.00029815
584.6	5.7938e-26
584.6	3.5239e-27
584.61	2.1171e-24
584.61	3.0022e-26
584.62	0.0013454
584.62	2.0475e-25
584.62	6.3169e-27
584.63	3.6435e-27
584.63	2.1681e-25
584.63	0.0024542
584.63	0.0013679
584.64	0.0001066
584.65	0.00063782
584.65	2.6878e-26
584.65	0.00020626
584.65	6.0416e-23
584.65	0.00059548
584.65	1.2559e-25
584.66	5.1169e-24
584.67	0.00064256
584.68	6.3985e-05
584.69	0.0023371
584.7	0.0011643
584.71	6.3521e-28
584.72	1.6559e-24
584.72	0.00045785
584.72	0.00087296
584.73	1.2036e-26
584.74	5.8633e-27
584.74	0.00084667
584.74	4.7805e-06
584.75	0.0018616
584.75	3.9866e-25
584.76	4.1605e-25
584.76	2.889e-26
584.76	0.00023797
584.76	0.0028418
584.77	0.0015098
584.77	1.9452e-24
584.77	0.00010175
584.77	6.2757e-24
584.78	0.00019977
584.78	8.1603e-28
584.79	0.0013281
584.79	5.7523e-25
584.8	7.8405e-27
584.8	0.0011424
584.81	0.0020843
584.81	1.1255e-25
584.83	1.4828e-24
584.83	4.0107e-27
584.83	1.0294e-24
584.83	0.00012821
584.84	0.00080163
584.85	0.0012249
584.85	1.264e-22
584.85	9.0242e-27
584.87	8.9218e-23
584.87	0.00014111
584.87	5.0334e-26
584.87	2.1167e-27
584.88	0.0021168
584.89	1.4488e-25
584.89	0.00045402
584.89	0.00078394
584.9	1.7056e-26
584.9	1.0967e-26
584.91	1.4437e-25
584.91	7.1224e-05
584.92	0.00027245
584.93	0.0013209
584.95	0.0012808
584.95	0.0014079
584.96	1.4478e-26
584.96	4.3292e-25
584.97	8.3561e-26
584.98	0.00033145
584.98	2.1658e-25
584.98	0.0011803
584.98	0.0003655
584.98	5.0729e-26
584.99	1.1995e-25
584.99	0.0027819
584.99	0.00017153
584.99	4.2047e-25
585	0.00022825
585	2.92e-25
585.01	0.0016636
585.01	0.00022956
585.02	5.4201e-24
585.02	0.00010918
585.03	5.3628e-26
585.03	1.2305e-24
585.03	0.00038173
585.04	0.00069173
585.04	0.00049275
585.04	1.2861e-23
585.05	0.0044311
585.05	0.00028071
585.06	9.5314e-26
585.06	0.0017538
585.07	3.402e-26
585.07	0.00043613
585.08	7.1134e-28
585.08	8.9234e-26
585.09	5.2482e-25
585.09	5.1668e-06
585.09	0.00066527
585.09	2.7408e-26
585.09	2.7603e-26
585.09	0.00014765
585.1	0.00020476
585.1	0.0018665
585.1	1.884e-28
585.12	1.0097e-26
585.13	8.0393e-25
585.13	0.00017313
585.14	0.0019486
585.14	2.0311e-26
585.14	4.973e-06
585.15	2.164e-26
585.15	0.00056942
585.18	9.9824e-27
585.19	1.0297e-27
585.19	6.8598e-27
585.2	1.5258e-25
585.21	1.2796e-25
585.21	0.002253
585.22	0.00031743
585.22	0.0014094
585.22	2.7048e-24
585.23	2.6834e-23
585.23	0.00011415
585.23	0.00061553
585.23	1.1013e-24
585.23	0.0013378
585.24	0.00028552
585.26	0.0011744
585.27	0.0032669
585.28	2.1043e-26
585.28	1.5514e-26
585.28	3.5953e-25
585.28	0.00016524
585.29	0.0008515
585.3	2.717e-26
585.3	4.4718e-25
585.31	0.00043685
585.32	0.0013762
585.33	3.6254e-26
585.35	0.0019908
585.36	0.00099672
585.37	4.5019e-25
585.37	0.00010135
585.39	7.9023e-28
585.4	2.3324e-26
585.41	3.1554e-26
585.42	5.4707e-26
585.42	8.7492e-05
585.43	1.4325e-23
585.43	0.00015207
585.43	0.0022191
585.44	0.00049394
585.44	0.00020624
585.45	0.00089176
585.46	7.8307e-26
585.46	2.8692e-26
585.46	4.2314e-26
585.47	0.0040856
585.47	3.9052e-26
585.48	0.00088031
585.48	2.5285e-27
585.48	2.6553e-25
585.49	1.8851e-25
585.49	0.00020223
585.49	0.00056519
585.5	0.0020286
585.5	0.0015448
585.5	4.2245e-25
585.5	4.4003e-25
585.51	0.0001264
585.51	0.00047826
585.52	3.145e-24
585.53	0.00046367
585.53	1.1898e-25
585.53	8.2776e-26
585.54	2.318e-25
585.54	0.0019582
585.54	0.00027972
585.54	2.8849e-25
585.55	0.0012669
585.55	0.000996
585.55	0.00043844
585.57	6.9231e-25
585.58	0.00053178
585.58	2.8999e-26
585.59	0.0014015
585.6	0.001282
585.61	1.8832e-26
585.63	5.0911e-24
585.63	2.4426e-27
585.63	0.00016251
585.64	2.7825e-26
585.64	2.4753e-23
585.64	3.6996e-05
585.65	1.6301e-24
585.65	0.00098119
585.65	1.6512e-26
585.66	0.00014345
585.66	0.0006179
585.66	2.2719e-26
585.67	0.0006728
585.68	3.3328e-27
585.69	4.4156e-24
585.69	0.00017334
585.69	2.848e-25
585.69	0.0003278
585.7	0.00011535
585.7	2.1382e-26
585.71	0.0022167
585.73	2.1218e-28
585.75	7.3119e-26
585.75	0.00020313
585.75	0.00065239
585.76	3.6355e-25
585.76	0.00022425
585.77	0.00034167
585.78	0.00014044
585.78	9.8611e-27
585.78	4.2867e-26
585.78	2.9248e-25
585.79	0.0011015
585.8	2.8524e-26
585.8	3.7907e-25
585.8	0.0029766
585.81	4.5662e-26
585.82	0.00016639
585.83	0.00073938
585.84	8.2032e-26
585.85	0.0014008
585.85	0.00017017
585.86	1.9449e-26
585.86	1.2899e-26
585.86	1.0082e-26
585.86	3.3907e-24
585.86	0.00019605
585.87	2.7244e-25
585.87	1.4584e-26
585.87	2.8973e-05
585.87	0.00062829
585.88	3.0763e-27
585.89	8.5626e-27
585.89	7.9269e-24
585.89	0.00047258
585.89	3.5767e-24
585.89	0.00024863
585.89	6.3107e-24
585.9	5.9386e-26
585.9	5.6608e-26
585.9	3.1612e-05
585.9	0.0017452
585.91	5.7225e-05
585.91	4.6639e-26
585.91	0.00068069
585.93	3.5415e-26
585.93	0.00015285
585.95	0.00044299
585.95	2.9372e-27
585.95	0.0011428
585.96	9.7589e-26
585.98	2.0556e-26
585.98	0.00039798
585.98	0.00072859
585.98	2.9469e-26
585.99	0.0019162
585.99	8.0757e-25
586	0.0029385
586	0.00023903
586	2.7767e-24
586	9.7095e-05
586.02	9.9306e-27
586.02	0.00033592
586.04	0.0011245
586.05	7.4075e-25
586.06	0.00054011
586.06	2.5178e-27
586.06	5.7955e-26
586.06	6.0618e-27
586.07	2.6652e-25
586.07	0.00062994
586.07	0.0001531
586.07	1.9846e-25
586.08	0.00010806
586.08	0.00060872
586.08	1.9318e-26
586.09	0.00015657
586.1	3.0376e-25
586.1	0.0024996
586.1	1.0723e-25
586.11	0.00036479
586.11	4.3581e-24
586.12	0.00011664
586.13	3.7021e-26
586.13	3.2741e-25
586.13	0.00046581
586.13	4.6327e-23
586.14	0.00082857
586.14	0.0016066
586.15	0.0004724
586.16	2.6695e-27
586.16	0.00078267
586.17	4.3321e-26
586.17	7.7464e-25
586.17	0.00034255
586.19	2.0011e-26
586.19	2.4703e-26
586.2	9.0704e-05
586.2	1.7659e-27
586.21	6.2981e-27
586.22	2.9912e-27
586.22	0.0018337
586.24	2.6853e-24
586.24	7.8111e-06
586.24	0.0015178
586.24	0.0011361
586.25	3.5124e-24
586.25	0.00041009
586.26	2.0646e-25
586.26	0.0010016
586.26	1.9075e-05
586.27	5.9842e-26
586.27	0.0016474
586.28	1.4954e-25
586.28	1.5894e-26
586.29	0.0014237
586.33	0.00035883
586.35	9.7861e-28
586.35	3.5953e-25
586.36	0.00021299
586.36	0.00089377
586.36	1.2355e-22
586.36	6.0667e-05
586.38	7.0937e-27
586.38	8.0465e-26
586.38	3.1734e-23
586.38	0.0015324
586.38	1.6093e-25
586.39	1.476e-27
586.4	0.00021829
586.4	1.1633e-22
586.4	0.00010031
586.41	9.1655e-25
586.41	0.0034113
586.41	0.00036781
586.42	0.00030381
586.42	1.4142e-24
586.42	5.0279e-25
586.42	0.00010408
586.42	5.0212e-26
586.42	0.00052076
586.43	0.00012526
586.43	6.8449e-27
586.44	4.5701e-27
586.46	4.5354e-25
586.47	1.3163e-26
586.47	0.0014101
586.47	0.0013322
586.48	0.0022132
586.49	0.0021674
586.5	1.4712e-26
586.51	0.0012041
586.51	2.6797e-24
586.51	1.1095e-26
586.52	0.00021396
586.52	5.751e-28
586.53	0.00057118
586.53	8.2495e-05
586.54	2.0398e-25
586.54	0.0033729
586.54	1.0927e-23
586.55	0.0011847
586.55	0.00019043
586.57	8.3834e-28
586.58	2.3945e-27
586.6	1.0459e-26
586.61	3.4339e-27
586.61	9.704e-24
586.61	9.0331e-27
586.61	0.00081683
586.61	4.8092e-23
586.62	0.00086412
586.62	0.00088286
586.63	2.6585e-27
586.63	0.0014868
586.64	7.6971e-26
586.64	0.00032958
586.64	6.2818e-05
586.64	5.7229e-05
586.64	2.0704e-25
586.65	1.2754e-24
586.65	2.5222e-26
586.65	1.8434e-26
586.65	0.00013967
586.65	0.00016721
586.66	0.0048066
586.67	0.0016239
586.67	0.00032402
586.67	0.00038059
586.67	0.0005148
586.67	0.0004739
586.67	3.7053e-24
586.68	0.0032014
586.68	5.5268e-24
586.68	4.247e-25
586.68	8.571e-26
586.68	3.7877e-25
586.68	0.00026451
586.69	0.00033676
586.69	0.0010696
586.69	0.00022109
586.71	3.0931e-26
586.72	1.6796e-26
586.72	5.6377e-26
586.73	4.5641e-05
586.74	2.5259e-25
586.74	0.00010083
586.74	0.00062776
586.75	0.00080627
586.75	4.2053e-25
586.75	0.0003671
586.75	7.6341e-27
586.76	1.3786e-25
586.76	0.00026867
586.76	1.3252e-26
586.77	0.001174
586.77	0.0002972
586.77	8.8188e-26
586.78	2.9874e-26
586.78	1.4631e-24
586.78	0.0011772
586.78	0.00070756
586.79	1.4471e-26
586.79	0.002219
586.81	2.2462e-27
586.81	0.00068793
586.82	8.0881e-26
586.82	6.1584e-25
586.82	0.0012996
586.84	0.0022706
586.84	0.0005084
586.85	5.959e-28
586.86	0.0010709
586.86	2.4527e-25
586.87	0.00081505
586.88	7.6276e-05
586.89	3.4444e-25
586.89	4.2362e-26
586.89	0.007675
586.9	1.038e-24
586.9	0.0012654
586.9	5.3955e-05
586.9	2.5333e-05
586.91	2.2005e-26
586.91	2.0305e-26
586.92	0.00022842
586.93	1.7781e-26
586.93	6.2616e-26
586.93	1.5827e-26
586.94	4.3631e-26
586.94	0.0011301
586.94	9.2745e-24
586.95	0.0002298
586.96	5.8208e-27
586.96	2.1042e-22
586.96	1.7221e-05
586.96	2.255e-25
586.97	0.0014057
586.97	0.0001171
586.97	0.00038808
586.98	5.8013e-26
586.98	1.2194e-25
586.98	0.00015557
586.98	0.00013697
586.99	5.5135e-27
587	1.1628e-26
587	8.6931e-28
587	3.5047e-25
587.01	0.0013377
587.01	0.00042204
587.02	0.00038591
587.03	5.721e-24
587.03	1.2336e-26
587.04	4.5209e-26
587.04	0.0010235
587.04	1.6555e-25
587.04	0.00099409
587.05	5.1846e-05
587.05	0.00050367
587.06	0.00053336
587.07	0.001128
587.1	6.276e-26
587.1	2.0118e-26
587.1	1.5039e-24
587.11	0.0014544
587.11	0.0010201
587.11	3.4535e-26
587.11	0.00013356
587.12	8.5459e-25
587.13	1.4455e-25
587.13	0.0015529
587.13	0.00075423
587.14	0.0014769
587.14	1.6214e-25
587.14	1.1702e-05
587.15	0.00071478
587.15	2.5885e-26
587.16	1.5106e-26
587.18	0.00017412
587.18	9.099e-25
587.18	0.00023337
587.18	1.0097e-25
587.2	0.0035629
587.2	4.4777e-26
587.2	0.00047381
587.2	7.2797e-27
587.22	0.00026347
587.24	2.4555e-25
587.24	0.0010267
587.25	0.00014314
587.25	3.8664e-27
587.26	1.3317e-27
587.27	3.8789e-27
587.27	4.9899e-27
587.28	2.1001e-25
587.28	8.4213e-27
587.29	3.6503e-26
587.29	0.00049987
587.29	0.00051752
587.29	0.00079617
587.29	6.6122e-26
587.3	4.9126e-25
587.3	0.0022338
587.3	4.957e-25
587.31	1.3469e-26
587.31	0.00065357
587.31	0.00048982
587.31	0.00066804
587.31	0.0012493
587.31	6.7538e-26
587.32	0.00023136
587.32	7.3799e-27
587.32	0.00070152
587.32	0.00031926
587.33	1.0527e-27
587.34	0.00055389
587.36	0.00030843
587.36	2.8351e-25
587.37	5.9669e-27
587.38	0.0010755
587.38	4.9601e-22
587.38	0.00074117
587.38	1.1934e-26
587.39	0.0010964
587.39	8.7353e-27
587.39	1.0793e-26
587.39	0.00094761
587.4	1.3988e-27
587.4	0.00012135
587.4	8.1031e-27
587.4	3.2067e-25
587.4	1.3564e-05
587.41	9.3871e-05
587.43	2.7071e-27
587.44	1.0773e-26
587.44	1.2919e-27
587.45	1.8551e-26
587.45	6.6108e-26
587.45	0.00039211
587.45	0.0015439
587.46	0.0013056
587.46	1.6479e-23
587.46	0.00091783
587.47	1.0243e-26
587.48	0.0019208
587.48	0.00034464
587.49	8.9311e-25
587.49	0.00095845
587.49	3.8917e-22
587.49	0.001357
587.49	0.0023655
587.49	0.00094885
587.5	0.00036479
587.5	0.00080438
587.5	0.00033896
587.51	1.9784e-27
587.52	1.9511e-25
587.52	1.096e-23
587.53	0.0007575
587.53	1.4712e-26
587.54	6.5222e-25
587.54	8.1799e-26
587.54	1.9204e-28
587.55	0.00043177
587.55	0.00025479
587.55	8.0964e-05
587.55	0.0022358
587.56	0.00096914
587.58	6.0274e-28
587.59	8.8289e-26
587.6	9.1268e-24
587.6	5.2373e-05
587.61	0.00035328
587.61	1.6327e-26
587.61	2.8268e-27
587.62	1.5101e-27
587.62	1.4104e-25
587.63	0.00010273
587.64	0.00040518
587.64	4.2487e-26
587.66	1.2247e-25
587.66	6.7103e-05
587.67	0.0013666
587.67	7.4108e-26
587.67	3.2759e-27
587.68	6.0964e-25
587.68	6.0656e-24
587.68	0.00053914
587.68	0.00090227
587.68	1.1978e-23
587.69	0.00057599
587.69	3.6079e-25
587.69	0.00039533
587.69	0.0005376
587.69	0.00013276
587.7	1.255e-27
587.71	1.7807e-25
587.71	0.00023885
587.72	0.00044473
587.72	0.00014055
587.73	6.779e-26
587.74	0.001783
587.74	0.00036152
587.74	3.2277e-26
587.75	2.1598e-05
587.76	0.00036347
587.76	2.3098e-27
587.77	1.1818e-26
587.77	0.00074482
587.78	3.6231e-27
587.78	2.5385e-27
587.79	2.0558e-25
587.79	0.00036661
587.79	1.1055e-26
587.79	6.7851e-05
587.79	3.1617e-25
587.81	2.9367e-26
587.81	1.9511e-25
587.82	1.1037e-23
587.82	0.0025477
587.82	0.00033023
587.83	7.756e-24
587.83	0.00042487
587.83	4.4614e-24
587.83	0.00014546
587.83	0.00020274
587.83	0.00021762
587.84	8.0444e-05
587.84	1.3485e-23
587.85	1.09e-05
587.85	0.0004671
587.85	5.1541e-25
587.85	0.00039435
587.86	1.6848e-25
587.87	1.0161e-27
587.88	3.1474e-26
587.88	0.0025119
587.88	4.6886e-27
587.88	0.00047695
587.89	2.1905e-24
587.89	0.00075247
587.89	9.9519e-05
587.89	6.5647e-28
587.9	1.108e-27
587.9	3.8183e-28
587.94	3.5793e-25
587.94	0.001691
587.94	7.267e-05
587.95	0.00049246
587.95	0.00042463
587.96	1.4595e-24
587.97	5.4312e-26
587.97	0.00057582
587.97	1.4034e-25
587.97	1.1818e-25
587.98	2.7076e-24
587.98	0.00024773
587.98	0.0017275
587.98	6.053e-05
587.98	0.00026993
587.98	0.0012207
588	0.00093714
588.02	1.5362e-25
588.02	2.508e-26
588.03	0.00041092
588.03	6.7438e-25
588.04	0.0006699
588.06	3.2431e-25
588.06	0.0023609
588.06	3.1378e-24
588.06	3.6735e-25
588.06	0.00020634
588.08	1.4421e-24
588.08	0.00030535
588.09	0.0008393
588.09	8.229e-26
588.1	2.6514e-25
588.1	0.0021938
588.1	0.00010819
588.1	3.0645e-26
588.11	0.0016452
588.11	1.0485e-24
588.11	0.00030134
588.13	0.00014688
588.14	4.2362e-25
588.14	7.2664e-25
588.14	0.00073291
588.15	0.00036199
588.15	2.8189e-26
588.16	4.7674e-27
588.16	1.3335e-24
588.16	0.00024167
588.17	5.5837e-05
588.18	0.001201
588.18	1.4161e-26
588.19	7.9782e-25
588.19	2.3405e-24
588.19	0.00022582
588.2	3.4993e-25
588.2	0.00066239
588.2	4.0473e-26
588.2	5.2696e-05
588.21	0.00083739
588.22	1.3945e-27
588.22	0.00024463
588.23	2.1441e-25
588.23	0.00022703
588.23	1.1064e-25
588.24	6.4986e-27
588.24	0.00065549
588.25	6.7892e-28
588.26	0.00091917
588.26	0.0010592
588.27	4.4447e-25
588.28	1.0033e-26
588.28	2.1057e-25
588.29	3.486e-25
588.3	0.00097738
588.3	0.00043776
588.3	2.8296e-24
588.3	3.7172e-25
588.3	6.3068e-05
588.3	6.9904e-05
588.31	0.00059482
588.31	5.8073e-26
588.32	0.00054933
588.32	3.2523e-26
588.33	0.00010114
588.35	2.7591e-27
588.35	1.4767e-25
588.36	0.00022017
588.36	1.2475e-26
588.36	1.8486e-06
588.37	7.633e-25
588.38	0.00059744
588.38	7.3192e-26
588.39	8.3037e-05
588.39	0.00022465
588.4	0.00055113
588.4	0.0018095
588.4	2.3959e-25
588.41	1.1914e-27
588.41	2.2495e-26
588.41	1.1066e-28
588.42	0.0015857
588.42	0.00015223
588.42	8.7034e-27
588.43	1.2881e-25
588.44	0.00016498
588.44	0.00025161
588.44	1.581e-24
588.45	0.00013739
588.45	4.2337e-25
588.45	3.9078e-26
588.45	0.00060345
588.45	1.7503e-26
588.46	3.0141e-26
588.46	2.0948e-26
588.46	0.00051356
588.46	2.9352e-24
588.47	0.00033913
588.47	0.0002266
588.47	2.4463e-25
588.47	8.987e-28
588.48	7.6235e-26
588.48	0.00071259
588.48	8.6348e-24
588.48	6.1646e-05
588.48	2.5754e-25
588.48	0.00077691
588.49	0.00035142
588.49	9.0607e-25
588.49	0.00071118
588.5	0.0011812
588.5	7.2173e-26
588.51	0.0004432
588.51	0.00046673
588.52	0.00086336
588.52	0.00038566
588.52	2.1822e-24
588.52	0.00056386
588.52	8.2617e-05
588.53	8.0989e-26
588.53	4.0984e-26
588.53	0.00010015
588.56	4.7279e-05
588.56	2.7127e-25
588.56	3.0267e-24
588.57	0.00076641
588.57	0.0013147
588.6	9.9072e-26
588.61	1.6215e-25
588.63	2.2773e-25
588.63	0.00022277
588.64	7.7142e-25
588.64	0.0025189
588.64	0.00025435
588.64	0.0014206
588.64	0.00068225
588.65	9.8823e-26
588.66	2.263e-25
588.67	8.1467e-27
588.68	0.001752
588.69	0.00094514
588.69	6.1527e-26
588.69	1.0786e-26
588.7	0.0002111
588.71	8.3648e-25
588.71	0.00013929
588.71	2.8904e-25
588.71	0.0010705
588.71	8.6558e-05
588.71	2.9846e-26
588.71	5.7059e-25
588.72	0.00082283
588.72	1.7789e-25
588.72	6.3418e-05
588.73	5.4085e-25
588.73	0.00023216
588.73	0.00064946
588.73	0.00011898
588.75	4.8522e-27
588.77	5.5434e-24
588.78	1.6921e-23
588.78	0.00073856
588.78	1.7002e-05
588.78	9.0696e-26
588.79	0.00052269
588.79	2.1322e-26
588.8	0.00015146
588.81	5.3536e-27
588.82	9.7298e-24
588.82	0.00012368
588.82	0.00028791
588.82	4.6337e-26
588.82	7.815e-26
588.82	0.00050977
588.83	0.00031548
588.84	4.5773e-25
588.84	0.00046251
588.85	0.00276
588.85	2.8279e-26
588.86	9.5321e-05
588.86	1.2114e-23
588.86	9.1248e-25
588.86	3.4118e-05
588.86	0.00010207
588.87	1.0394e-24
588.87	0.00017603
588.89	1.0382e-26
588.89	3.4099e-26
588.89	0.00015293
588.9	0.00013871
588.9	1.4331e-24
588.9	8.8388e-26
588.9	1.0812e-25
588.91	0.00050912
588.91	0.00025643
588.91	0.0001282
588.91	1.2311e-26
588.92	7.5186e-26
588.93	0.00090274
588.94	1.0044e-24
588.94	3.6904e-05
588.94	0.00045264
588.95	1.7347e-27
588.95	0.00029601
588.95	1.0329e-26
588.95	5.458e-27
588.96	6.3604e-24
588.96	5.6457e-05
588.96	1.9365e-26
588.97	0.00041357
588.97	0.0022817
588.99	2.7765e-25
589	0.00029931
589.01	0.0019291
589.01	1.3053e-25
589.02	3.7906e-23
589.02	3.1769e-05
589.02	0.00014055
589.04	3.4864e-27
589.04	0.00041166
589.07	2.2727e-24
589.07	0.00020888
589.08	2.4339e-26
589.08	1.9666e-24
589.08	1.5979e-05
589.08	1.158e-26
589.09	2.2846e-26
589.09	0.00016965
589.09	0.00028465
589.1	0.0004866
589.11	8.5974e-26
589.12	0.00012417
589.14	3.5095e-25
589.14	2.0414e-25
589.14	0.00045403
589.14	2.9589e-26
589.15	1.1669e-24
589.15	0.00066614
589.15	0.0001115
589.15	3.0341e-26
589.15	0.00029452
589.16	0.00029818
589.16	1.7336e-26
589.17	2.5458e-26
589.18	3.126e-23
589.18	0.0010942
589.19	0.00073775
589.19	1.7195e-25
589.19	3.5538e-27
589.19	4.668e-25
589.19	5.3216e-25
589.19	0.00023403
589.2	0.00018397
589.2	2.4727e-23
589.2	7.0209e-05
589.2	0.00075392
589.2	8.1523e-25
589.21	1.5077e-25
589.21	5.8246e-26
589.21	0.00030775
589.21	0.00032609
589.21	0.0010674
589.22	1.816e-27
589.22	8.2803e-05
589.23	6.026e-25
589.23	0.00093866
589.24	3.184e-26
589.24	0.0001955
589.25	0.00018199
589.26	1.1676e-25
589.26	3.8962e-26
589.27	0.0013723
589.27	8.5138e-05
589.29	1.2017e-05
589.3	1.8765e-25
589.31	0.00031268
589.32	2.5825e-25
589.33	0.0013443
589.33	3.3907e-26
589.34	2.7566e-24
589.34	0.00017697
589.35	4.1398e-24
589.35	5.3922e-05
589.35	3.0497e-25
589.35	0.00019385
589.36	0.0001352
589.37	1.3847e-26
589.37	1.3345e-26
589.37	3.1712e-23
589.37	2.6591e-05
589.37	0.00029743
589.4	0.00036424
589.41	3.4167e-27
589.42	2.8486e-25
589.42	0.00058367
589.45	2.9397e-27
589.46	6.6255e-25
589.46	1.4265e-24
589.46	9.4447e-05
589.46	0.00025728
589.46	6.3248e-26
589.46	1.153e-26
589.47	7.4591e-25
589.47	1.9662e-05
589.47	0.0012312
589.48	7.1856e-26
589.48	0.00018754
589.48	0.00022423
589.48	6.9976e-24
589.48	7.3331e-05
589.48	0.0001451
589.49	2.0427e-24
589.5	4.7874e-05
589.52	0.00041088
589.53	3.7108e-28
589.53	3.5838e-24
589.53	9.1629e-05
589.54	0.00094661
589.55	3.1989e-26
589.55	9.1357e-25
589.55	1.9212e-05
589.56	4.5864e-27
589.57	0.0005229
589.57	0.0001898
589.57	5.0244e-25
589.58	0.00026857
589.58	1.6465e-27
589.58	3.0727e-26
589.59	1.3708e-27
589.6	0.00033069
589.6	0.00059053
589.61	2.4344e-25
589.61	2.1558e-25
589.61	8.8091e-05
589.61	9.9683e-05
589.62	0.001063
589.64	1.0552e-27
589.64	5.3414e-05
589.68	4.1068e-27
589.68	2.1357e-24
589.69	0.00067469
589.69	0.00086334
589.7	3.1443e-27
589.7	5.0414e-27
589.7	2.1148e-24
589.7	9.9972e-05
589.71	0.00026662
589.71	1.3647e-27
589.72	1.2112e-24
589.72	0.00011477
589.73	9.4147e-29
589.74	8.6107e-25
589.74	9.3476e-05
589.74	7.1232e-05
589.74	0.00052121
589.74	9.841e-26
589.75	0.00039147
589.75	0.00021298
589.75	9.867e-26
589.76	3.8863e-25
589.76	1.7038e-26
589.76	0.00023384
589.76	6.9013e-05
589.77	2.766e-25
589.77	1.2643e-05
589.77	1.7878e-24
589.77	3.1302e-27
589.78	2.3599e-23
589.78	1.925e-05
589.78	0.0010196
589.78	0.00050449
589.79	4.7847e-27
589.79	5.3734e-27
589.8	0.00013365
589.82	0.00026223
589.83	1.7895e-26
589.84	0.00016173
589.84	2.6162e-26
589.84	0.0010104
589.85	0.00060806
589.89	4.13e-25
589.9	0.00012352
589.91	3.0133e-25
589.92	0.00033696
589.92	1.3194e-26
589.92	5.1132e-26
589.93	1.1717e-24
589.93	0.00014511
589.94	9.7812e-27
589.94	0.00038289
589.95	2.6232e-25
589.95	1.277e-26
589.95	6.1519e-05
589.95	7.7833e-26
589.96	5.9434e-05
589.96	2.1409e-26
589.96	1.0166e-24
589.97	0.00082656
589.97	0.00024888
589.97	7.8202e-26
589.98	0.00025812
589.98	7.1515e-25
589.98	0.0003692
589.98	7.1927e-24
589.98	3.8435e-05
589.98	4.9173e-25
589.98	0.00034922
589.99	6.3715e-05
589.99	0.00040759
589.99	1.9709e-24
589.99	5.0535e-05
590	5.2588e-27
590	0.00048897
590	3.1627e-25
590	3.7105e-05
590.01	3.1183e-25
590.01	6.0852e-27
590.01	0.0003014
590.02	2.4792e-25
590.03	0.001424
590.03	0.00058864
590.04	1.3603e-24
590.04	8.8382e-05
590.04	1.8601e-26
590.06	0.0018317
590.06	0.0011786
590.06	7.1718e-26
590.07	0.0002475
590.09	1.3375e-26
590.09	2.9394e-25
590.09	0.00023934
590.12	4.5207e-26
590.13	1.6455e-23
590.13	0.00059925
590.13	5.9525e-05
590.13	1.6834e-25
590.13	5.4695e-26
590.13	2.4197e-25
590.14	0.00010563
590.14	0.00068564
590.14	0.00054914
590.14	0.0002999
590.14	4.9951e-24
590.15	0.0004095
590.16	2.5491e-25
590.17	0.00020982
590.18	1.2676e-25
590.18	2.8921e-28
590.19	3.578e-05
590.2	3.5286e-26
590.2	1.0938e-26
590.2	0.00013906
590.21	1.3228e-25
590.21	0.0010153
590.21	0.00028481
590.21	1.4309e-23
590.22	1.9349e-26
590.22	6.8157e-27
590.22	9.6886e-06
590.23	0.00025336
590.23	1.4056e-25
590.23	0.00013632
590.23	0.00011052
590.25	2.1681e-25
590.26	3.3603e-27
590.26	0.00021613
590.27	9.8072e-28
590.27	5.4715e-05
590.28	8.6913e-24
590.28	0.00014792
590.28	1.449e-25
590.29	0.00089283
590.29	9.1954e-05
590.3	0.00025681
590.31	5.1227e-26
590.32	6.9055e-26
590.33	0.00056114
590.34	7.8442e-25
590.35	0.00026515
590.35	0.00044849
590.35	1.7925e-26
590.36	5.346e-27
590.37	3.4169e-25
590.37	0.00022778
590.38	0.00042685
590.38	1.8375e-26
590.39	0.0030951
590.4	3.9104e-24
590.4	8.4911e-27
590.41	0.00026994
590.42	2.6151e-24
590.42	5.1991e-05
590.42	0.002056
590.43	9.8298e-27
590.43	0.00015983
590.45	3.8935e-26
590.45	1.7626e-25
590.45	1.8418e-27
590.46	0.00021193
590.46	0.0011698
590.46	7.2569e-25
590.47	1.2129e-25
590.47	1.4864e-26
590.47	0.00042106
590.48	0.00039795
590.5	3.9745e-27
590.5	0.0020207
590.5	0.00041815
590.5	5.6821e-25
590.51	4.6572e-25
590.51	6.6575e-05
590.51	0.00012362
590.51	2.6787e-26
590.52	1.6317e-25
590.52	0.00034657
590.52	5.2908e-24
590.52	9.39e-26
590.52	0.00012041
590.52	0.00017565
590.53	0.0027882
590.53	0.00030151
590.55	3.5584e-28
590.55	1.7271e-27
590.56	1.0182e-26
590.58	1.074e-25
590.58	0.00029689
590.58	4.0294e-05
590.58	0.00012991
590.58	2.1635e-23
590.59	1.5661e-25
590.59	2.6631e-25
590.59	1.7787e-25
590.6	9.9723e-06
590.6	0.00033671
590.6	0.00049552
590.6	0.00061515
590.61	2.538e-24
590.61	5.2243e-05
590.64	0.00027829
590.64	1.2127e-25
590.65	2.1289e-25
590.65	0.00024375
590.66	0.00032998
590.67	9.8558e-25
590.67	6.8936e-05
590.67	2.1093e-27
590.67	1.4566e-23
590.67	4.6576e-05
590.67	1.5155e-05
590.67	1.9215e-26
590.68	6.7069e-27
590.68	8.7386e-06
590.68	0.00023826
590.69	2.1083e-25
590.69	1.3186e-25
590.69	1.2754e-26
590.7	2.7727e-26
590.7	0.00030451
590.7	0.00060081
590.7	0.00054936
590.71	3.5357e-27
590.71	0.00021355
590.72	1.4527e-25
590.72	1.3565e-25
590.72	4.0724e-26
590.73	6.6875e-05
590.73	0.0012155
590.73	1.525e-25
590.74	8.3673e-26
590.74	0.00012284
590.74	0.0017908
590.74	0.00021741
590.74	7.3866e-27
590.76	0.00030671
590.76	6.0813e-26
590.77	3.4317e-27
590.77	0.00030271
590.79	5.7707e-05
590.8	0.00020131
590.81	6.1186e-27
590.83	2.4516e-25
590.83	0.00062591
590.83	0.00025058
590.84	9.6576e-25
590.84	1.299e-25
590.85	0.00062516
590.85	0.0005645
590.85	4.9045e-24
590.85	0.00032843
590.87	1.1513e-26
590.88	7.3556e-25
590.88	0.00023553
590.88	3.32e-27
590.89	0.0029906
590.89	2.0956e-26
590.89	6.371e-26
590.9	0.00017671
590.9	0.00020154
590.9	4.3948e-25
590.91	0.0002272
590.92	1.3317e-26
590.93	1.7912e-25
590.93	8.2273e-05
590.93	0.00042112
590.93	0.00014709
590.94	3.4803e-24
590.94	5.1963e-25
590.94	0.000209
590.94	0.00012808
590.94	4.594e-26
590.94	1.0508e-26
590.95	4.6471e-26
590.95	2.9297e-05
590.95	0.00042054
590.96	0.0010768
590.96	4.8654e-27
590.99	0.0013037
590.99	6.1814e-25
590.99	0.00037855
591	6.7208e-25
591	2.298e-26
591.01	0.00033874
591.01	0.00041268
591.02	6.689e-26
591.03	0.00086351
591.04	1.2917e-25
591.04	0.0002701
591.04	1.2955e-24
591.05	0.0013345
591.05	2.4691e-23
591.05	8.5041e-05
591.05	5.8973e-05
591.06	1.1468e-29
591.07	6.8307e-26
591.07	7.2045e-05
591.07	8.0008e-29
591.08	0.00016222
591.08	0.00048851
591.09	3.1507e-26
591.09	4.7971e-05
591.1	3.6895e-24
591.1	1.5762e-25
591.1	2.0866e-05
591.1	1.023e-25
591.1	1.8639e-25
591.1	1.7947e-25
591.1	1.3225e-24
591.1	0.00046044
591.1	3.5004e-25
591.11	0.00010492
591.12	0.0014868
591.12	1.0278e-25
591.12	0.00060271
591.13	1.9897e-25
591.13	0.00065325
591.14	0.00014247
591.14	0.00091933
591.15	0.00091064
591.16	3.9015e-24
591.16	0.00016386
591.17	9.0665e-26
591.17	5.3924e-26
591.17	7.8197e-05
591.18	0.00048961
591.18	9.4797e-27
591.18	5.9943e-25
591.18	0.00013853
591.19	0.00013478
591.19	3.8422e-24
591.19	0.00030121
591.21	2.8026e-25
591.21	2.7426e-26
591.22	9.1273e-26
591.23	0.0012778
591.23	0.0020423
591.24	0.00019597
591.25	6.2693e-25
591.25	3.9895e-27
591.25	0.00010153
591.26	9.6726e-29
591.28	8.35e-05
591.28	8.9553e-28
591.31	2.4518e-26
591.31	2.8994e-28
591.32	0.00010602
591.32	0.00059004
591.33	1.5233e-23
591.33	6.0451e-05
591.34	1.0535e-25
591.34	0.00022424
591.34	4.6965e-24
591.35	6.9589e-05
591.35	4.6544e-25
591.35	0.00050066
591.36	0.00052965
591.37	1.1463e-25
591.37	0.00019253
591.37	2.0906e-23
591.37	5.2429e-05
591.38	5.8584e-26
591.38	0.00024064
591.39	1.145e-26
591.4	1.4406e-25
591.4	3.9225e-26
591.41	0.00025128
591.41	2.372e-26
591.41	1.3249e-27
591.42	3.8143e-27
591.42	1.4841e-25
591.43	2.1541e-26
591.43	0.0003846
591.43	0.0010269
591.43	0.00037748
591.43	3.3889e-24
591.43	3.474e-06
591.44	2.0048e-24
591.44	2.4969e-05
591.44	2.4301e-25
591.44	4.4407e-05
591.44	0.0010807
591.45	0.00094819
591.45	1.1353e-25
591.45	0.00014927
591.46	0.00042106
591.47	0.00039849
591.47	2.686e-27
591.47	3.8135e-27
591.48	0.00059962
591.48	1.0644e-25
591.49	1.0692e-26
591.49	0.00011695
591.5	0.0012285
591.5	1.749e-24
591.5	1.1488e-25
591.5	0.00010542
591.5	0.00039508
591.51	7.0167e-27
591.52	4.8443e-26
591.52	0.00016826
591.52	0.00049901
591.53	7.2161e-26
591.53	0.00033647
591.54	8.1139e-05
591.54	3.3662e-25
591.54	2.318e-24
591.54	0.00068847
591.54	0.0002015
591.55	1.4894e-24
591.56	6.3729e-05
591.56	2.7834e-22
591.56	0.00033792
591.59	1.3596e-26
591.6	2.2176e-24
591.6	1.0967e-23
591.6	0.00015025
591.6	5.0459e-05
591.62	3.8993e-28
591.63	6.4853e-27
591.63	5.0267e-27
591.63	0.00036013
591.64	2.0178e-25
591.64	6.7337e-05
591.64	0.0020336
591.65	0.00051066
591.65	0.00067727
591.65	2.1946e-23
591.65	4.3309e-05
591.66	8.1417e-25
591.66	3.9605e-05
591.66	0.0022707
591.66	2.2523e-27
591.67	8.0352e-05
591.68	3.2957e-26
591.69	1.1264e-27
591.69	3.9801e-05
591.71	1.2899e-25
591.71	0.00033962
591.72	0.00068695
591.73	4.4203e-26
591.73	2.4785e-26
591.73	2.8962e-26
591.74	0.00010375
591.74	7.6001e-26
591.74	0.00011442
591.75	0.00077316
591.75	1.8519e-24
591.76	0.000128
591.76	1.343e-26
591.76	2.1008e-26
591.76	1.0586e-26
591.77	5.273e-24
591.78	0.00027814
591.78	4.373e-24
591.78	0.0004468
591.78	0.00040165
591.78	3.2299e-25
591.79	0.00032249
591.79	0.00018069
591.79	0.0014306
591.81	5.6493e-26
591.81	0.00038035
591.82	0.00016654
591.82	2.7695e-26
591.83	2.5395e-25
591.83	6.6964e-25
591.83	0.0010268
591.83	3.4976e-24
591.84	0.00021552
591.84	8.0178e-05
591.84	0.00021346
591.84	1.9571e-27
591.86	2.0781e-24
591.86	8.2905e-26
591.86	0.00017346
591.86	8.7278e-26
591.87	7.8872e-05
591.88	0.00050192
591.9	6.1469e-25
591.9	6.3985e-05
591.9	0.00072716
591.91	2.3847e-27
591.92	6.621e-27
591.92	1.5893e-26
591.92	0.00011036
591.93	0.00051844
591.93	8.4152e-25
591.93	5.7401e-05
591.93	7.2154e-05
591.94	8.4922e-26
591.95	6.5373e-05
591.96	3.3488e-24
591.96	5.2211e-05
591.96	5.6377e-28
591.97	5.8958e-27
591.98	5.0203e-28
591.98	3.935e-26
591.99	8.2749e-26
591.99	4.0609e-05
592	0.00027098
592	0.00053774
592	6.1925e-05
592	4.9319e-25
592	2.1573e-25
592.01	0.00054044
592.01	0.00019843
592.02	2.057e-26
592.03	1.5756e-23
592.03	8.4204e-06
592.04	2.2997e-25
592.04	0.00046869
592.05	0.00043289
592.06	2.4304e-25
592.07	3.2153e-05
592.07	5.7039e-27
592.07	1.9835e-25
592.07	0.00044605
592.08	0.00010064
592.08	0.00047792
592.09	4.1259e-27
592.1	4.5842e-26
592.1	2.5213e-27
592.1	8.6703e-05
592.11	0.00010311
592.11	0.00015097
592.11	2.291e-26
592.11	6.7826e-27
592.12	3.4157e-25
592.12	0.00023506
592.12	0.0005492
592.16	0.00092532
592.17	5.5385e-24
592.17	0.00017174
592.17	6.8803e-24
592.17	7.8423e-05
592.18	2.1213e-26
592.18	3.5887e-25
592.19	0.00084487
592.2	5.1164e-26
592.2	0.00056526
592.2	1.7136e-26
592.2	4.4479e-05
592.21	6.8523e-26
592.21	2.286e-24
592.21	1.5245e-05
592.22	2.9685e-25
592.22	9.414e-24
592.22	2.9606e-05
592.22	1.4508e-19
592.22	1.0883e-24
592.22	0.00025416
592.23	0.00020511
592.23	0.00048525
592.23	2.9407e-24
592.23	6.2692e-05
592.23	5.968e-05
592.23	0.00086959
592.23	6.7946e-24
592.24	0.00012881
592.24	2.3942e-25
592.24	2.1221e-27
592.25	2.7342e-26
592.25	8.6008e-05
592.25	0.00083239
592.27	0.00017053
592.28	3.3591e-26
592.28	1.8677e-25
592.29	0.00019783
592.29	4.8735e-27
592.29	0.0005661
592.3	0.0002076
592.3	2.9473e-25
592.31	7.1454e-05
592.31	9.39e-25
592.31	0.00010694
592.31	4.6333e-24
592.32	0.0002502
592.33	2.3062e-26
592.34	0.00010146
592.34	8.0444e-25
592.34	2.0181e-05
592.37	8.6121e-24
592.37	5.8377e-05
592.37	1.9349e-25
592.37	8.7919e-26
592.38	3.8926e-05
592.38	0.0010948
592.39	1.8007e-23
592.39	4.8397e-05
592.4	2.9696e-26
592.4	0.00021388
592.41	2.0502e-27
592.42	1.4566e-25
592.43	3.1612e-27
592.43	0.00024754
592.43	2.1054e-24
592.43	3.483e-27
592.43	2.156e-05
592.44	0.00090277
592.45	2.6812e-24
592.45	3.4681e-05
592.46	7.3689e-26
592.47	8.4125e-24
592.47	4.7028e-05
592.48	0.0010058
592.48	1.1532e-25
592.49	0.00043687
592.49	5.1545e-26
592.49	3.4965e-25
592.49	2.2643e-27
592.5	8.9068e-26
592.5	0.0002055
592.5	2.8848e-06
592.5	0.00094325
592.51	4.4865e-24
592.51	3.8128e-05
592.51	6.1214e-25
592.51	0.00096763
592.51	0.00010317
592.52	0.0015737
592.52	3.1611e-26
592.54	9.5409e-25
592.54	1.3865e-05
592.54	3.5219e-24
592.54	0.00010974
592.54	0.00062586
592.55	0.0002153
592.57	3.1902e-24
592.58	0.00017635
592.59	9.2776e-27
592.59	7.316e-24
592.59	2.5631e-05
592.6	7.9885e-23
592.6	3.5804e-05
592.6	7.2027e-26
592.61	0.00033919
592.61	8.8384e-27
592.61	2.2003e-26
592.62	5.0599e-27
592.62	2.9166e-24
592.63	0.00088788
592.63	0.00036784
592.63	0.000282
592.64	7.8658e-25
592.64	0.0031783
592.64	8.8815e-05
592.65	0.00091465
592.68	1.6513e-25
592.69	0.00016434
592.69	3.1361e-24
592.69	2.9507e-05
592.7	3.7774e-24
592.7	5.4557e-05
592.7	2.9858e-27
592.71	2.272e-26
592.71	3.3573e-24
592.71	3.3178e-05
592.72	0.00017526
592.73	9.7426e-05
592.74	5.2742e-26
592.74	2.331e-25
592.75	0.00017304
592.75	1.7836e-27
592.76	0.0015076
592.76	1.5793e-05
592.76	1.0655e-24
592.76	0.00024863
592.78	7.4556e-25
592.78	4.3913e-22
592.78	7.7811e-05
592.78	2.5868e-05
592.8	7.2926e-26
592.8	0.0002104
592.82	1.2081e-25
592.82	0.00020956
592.83	2.9522e-26
592.84	1.9983e-24
592.84	4.6276e-24
592.84	0.00034344
592.84	3.1509e-25
592.84	4.5892e-26
592.84	0.0005053
592.84	4.6827e-05
592.85	1.5394e-25
592.85	7.2724e-26
592.86	0.00022631
592.86	0.0015119
592.86	1.1448e-23
592.86	3.438e-25
592.86	2.0448e-22
592.86	2.1629e-05
592.86	0.0012237
592.87	9.8846e-27
592.87	1.1587e-05
592.87	0.00010278
592.87	6.1195e-25
592.88	5.8358e-26
592.88	9.09e-25
592.88	6.7094e-26
592.88	0.00016375
592.88	0.00018146
592.88	3.6653e-05
592.88	7.1036e-26
592.88	0.00020494
592.88	0.00068241
592.88	0.0017136
592.88	1.4045e-05
592.9	7.8446e-25
592.9	8.6192e-05
592.92	4.3864e-26
592.93	1.0245e-25
592.93	2.3989e-05
592.93	7.8822e-05
592.96	6.1475e-27
592.97	5.4427e-26
592.97	1.1009e-26
592.97	5.1333e-25
592.97	0.0004166
592.97	1.4126e-24
592.97	1.5407e-05
592.97	0.0003479
592.98	0.00017694
592.98	3.7114e-24
592.98	1.9956e-05
593.01	3.0807e-25
593.01	1.7736e-05
593.02	0.00064588
593.02	4.6571e-26
593.03	0.00090982
593.04	4.7651e-26
593.04	4.5982e-05
593.05	4.3463e-27
593.05	1.277e-25
593.05	1.9631e-25
593.05	3.6979e-06
593.06	3.8735e-26
593.06	7.4174e-25
593.06	0.00010854
593.06	0.00012174
593.06	0.00040154
593.08	0.0021586
593.09	8.7842e-25
593.09	5.1602e-05
593.11	7.9198e-28
593.14	6.5642e-24
593.14	1.5884e-05
593.16	3.052e-26
593.16	0.00018189
593.16	1.137e-25
593.16	2.7486e-25
593.17	0.00018219
593.17	0.00050818
593.17	4.5991e-26
593.18	0.00037707
593.19	5.0241e-26
593.2	3.3699e-05
593.2	0.00046666
593.2	1.2575e-23
593.2	2.9558e-05
593.21	6.4547e-26
593.21	0.0001581
593.22	2.1615e-25
593.23	1.5118e-25
593.23	0.0002688
593.23	0.00016509
593.24	8.6589e-28
593.25	0.00032626
593.26	2.7539e-27
593.26	1.743e-27
593.26	0.00013196
593.26	1.6618e-26
593.27	2.7363e-26
593.28	0.0010111
593.28	0.00021259
593.28	8.2818e-27
593.29	4.9539e-05
593.29	3.5399e-27
593.29	7.8603e-27
593.29	8.3663e-05
593.3	1.5383e-27
593.3	1.2136e-27
593.3	2.0564e-26
593.31	5.8465e-05
593.31	0.00077688
593.32	4.1851e-25
593.32	0.00029325
593.32	0.00031876
593.32	4.5651e-05
593.33	7.582e-25
593.33	0.00054802
593.33	9.7355e-05
593.35	2.2092e-26
593.35	3.8385e-26
593.36	5.1825e-27
593.36	0.00021666
593.37	0.00023815
593.37	4.641e-26
593.38	8.7781e-05
593.39	5.0698e-27
593.4	4.4426e-27
593.4	0.00055296
593.41	1.4867e-26
593.41	8.796e-05
593.41	1.9798e-05
593.41	9.3369e-26
593.41	3.876e-05
593.42	4.5576e-05
593.42	2.8183e-26
593.42	6.1684e-27
593.42	3.1908e-25
593.42	1.2882e-05
593.42	0.00012742
593.43	0.00035674
593.44	9.388e-27
593.46	1.9448e-24
593.46	0.00011569
593.47	0.00046327
593.48	3.7591e-27
593.49	4.7826e-05
593.49	1.2698e-26
593.49	5.0348e-27
593.5	2.7496e-26
593.5	0.00084149
593.51	5.2121e-26
593.51	0.00023202
593.52	1.4151e-26
593.54	0.00032971
593.54	5.4274e-26
593.54	0.00059271
593.54	1.206e-27
593.55	6.5818e-26
593.56	0.00017766
593.57	0.0016342
593.57	0.00071424
593.57	0.00102
593.58	4.2796e-27
593.59	3.9828e-24
593.59	3.1595e-05
593.59	1.3225e-24
593.59	9.6058e-05
593.59	3.3501e-24
593.6	1.4082e-24
593.6	0.00025223
593.61	5.2466e-26
593.61	0.00027721
593.61	1.7907e-26
593.61	5.1503e-05
593.61	9.4349e-05
593.62	2.1238e-26
593.63	1.4855e-25
593.63	0.00012356
593.63	0.00058418
593.63	0.00019964
593.64	2.6926e-29
593.64	5.6353e-05
593.65	1.7826e-27
593.66	1.8824e-26
593.66	6.3452e-26
593.66	2.7995e-23
593.66	0.00018369
593.67	0.0001201
593.67	5.0178e-25
593.68	0.00025534
593.68	8.0336e-05
593.68	1.317e-25
593.68	8.3362e-26
593.69	0.00035922
593.69	0.00012223
593.7	0.00098248
593.73	3.2508e-24
593.73	1.0642e-05
593.74	1.503e-24
593.74	0.00012515
593.74	1.6511e-26
593.75	1.4606e-27
593.75	2.5441e-24
593.75	3.0927e-05
593.75	3.8871e-25
593.75	0.001038
593.76	1.3119e-05
593.76	1.7725e-24
593.76	1.1297e-26
593.76	0.00035431
593.77	0.00097022
593.77	2.4579e-24
593.78	8.3872e-05
593.78	2.7711e-25
593.78	7.3627e-26
593.78	7.2178e-05
593.79	4.9797e-25
593.79	1.9466e-25
593.79	9.627e-05
593.79	0.00042412
593.79	0.00035216
593.79	0.00090171
593.79	1.3399e-26
593.8	4.7537e-27
593.81	1.967e-24
593.81	4.3726e-26
593.81	0.00062808
593.82	5.99e-05
593.82	9.8158e-05
593.83	8.0568e-27
593.83	1.7076e-27
593.85	0.0002592
593.87	0.00058278
593.87	0.00023748
593.89	5.723e-27
593.89	5.1407e-05
593.89	1.398e-24
593.9	0.00042715
593.9	2.7165e-25
593.91	0.00012908
593.92	2.4476e-26
593.93	4.6171e-05
593.94	6.0816e-28
593.95	1.3104e-25
593.95	2.6021e-26
593.95	0.00031299
593.96	7.3644e-25
593.96	1.2164e-25
593.96	1.0713e-05
593.96	1.0892e-24
593.96	3.2987e-05
593.97	0.00012494
593.97	6.3948e-27
593.98	0.00019423
594	2.3201e-26
594.02	3.5955e-26
594.02	9.7034e-25
594.02	8.4204e-27
594.02	0.00014045
594.02	6.4379e-26
594.03	0.0020334
594.03	0.00016417
594.03	4.1506e-27
594.03	0.00015955
594.04	5.2458e-05
594.04	0.0011936
594.04	0.00011918
594.04	1.2442e-26
594.05	2.4672e-25
594.05	3.1696e-24
594.05	3.6272e-06
594.05	0.00063191
594.06	6.8751e-27
594.06	0.00047192
594.06	0.00024811
594.08	3.4737e-26
594.08	5.4373e-24
594.08	7.4606e-05
594.08	2.1331e-27
594.09	2.652e-25
594.09	7.9174e-05
594.09	5.8779e-26
594.09	3.8906e-05
594.09	0.00014943
594.1	0.00030149
594.1	9.0112e-27
594.1	4.5345e-24
594.11	2.2218e-05
594.11	2.0969e-25
594.11	0.001157
594.11	8.3848e-05
594.13	4.5079e-05
594.13	9.5611e-27
594.14	1.137e-24
594.14	7.0843e-26
594.14	0.0002013
594.14	4.52e-25
594.15	0.00033005
594.15	8.8063e-25
594.16	3.3199e-26
594.16	0.00078921
594.17	0.00017633
594.17	0.0014875
594.17	2.5521e-25
594.17	0.00013067
594.17	6.9262e-05
594.18	6.1735e-27
594.19	8.378e-27
594.2	1.7939e-27
594.2	3.3323e-25
594.2	1.5574e-25
594.2	1.5657e-27
594.21	2.0326e-26
594.21	0.00083846
594.21	0.00014308
594.21	0.00047497
594.22	9.2111e-27
594.22	0.00010546
594.22	0.00027055
594.23	0.00036703
594.23	3.0755e-26
594.24	0.00043802
594.25	0.00064621
594.25	0.00012992
594.26	7.609e-25
594.26	4.7979e-27
594.26	1.545e-24
594.26	5.1992e-26
594.26	0.00018611
594.27	0.00062055
594.27	6.3869e-05
594.27	7.1897e-27
594.27	2.5405e-26
594.27	4.4549e-05
594.28	3.6252e-24
594.28	3.2261e-05
594.28	5.3597e-05
594.3	8.3954e-05
594.3	1.8451e-25
594.31	7.7465e-05
594.33	1.6747e-25
594.33	2.0374e-27
594.34	0.00015107
594.34	5.4027e-05
594.36	4.1288e-27
594.36	1.2722e-25
594.37	0.00074816
594.38	6.7809e-27
594.38	5.865e-25
594.39	7.089e-05
594.39	0.00025343
594.39	1.7248e-27
594.4	3.3675e-26
594.4	0.00015841
594.41	0.00021142
594.42	4.3439e-28
594.42	2.6112e-25
594.42	3.4824e-06
594.42	4.2405e-05
594.42	2.6942e-25
594.42	0.00038222
594.43	1.8843e-26
594.43	2.5494e-25
594.43	0.00019691
594.45	5.6322e-05
594.45	3.6648e-27
594.45	0.0013536
594.46	4.5706e-27
594.46	7.5444e-26
594.47	0.00032703
594.47	7.7575e-24
594.47	0.00016763
594.48	0.00047959
594.49	0.0017043
594.49	1.0238e-25
594.49	3.8202e-05
594.5	1.362e-24
594.5	3.8256e-26
594.5	0.0003735
594.51	7.9134e-26
594.52	1.2181e-26
594.52	6.8894e-27
594.52	2.4775e-05
594.52	0.00016466
594.53	1.1641e-24
594.53	5.4379e-06
594.54	0.0021136
594.54	2.7739e-25
594.54	0.00016947
594.54	2.0792e-26
594.55	0.00058366
594.56	4.6663e-24
594.56	7.1389e-05
594.56	0.0003019
594.58	1.1524e-26
594.58	3.5812e-05
594.58	3.0329e-24
594.58	9.4698e-05
594.58	1.4348e-25
594.59	1.0651e-24
594.59	1.0613e-26
594.59	2.6987e-26
594.59	1.7258e-26
594.6	0.00035546
594.6	0.00042363
594.6	0.00016986
594.61	3.143e-25
594.61	0.0018979
594.61	7.1582e-06
594.62	0.00076243
594.62	1.9583e-27
594.65	1.1317e-26
594.66	2.7008e-27
594.66	4.3196e-25
594.66	0.0001224
594.68	0.00024358
594.68	7.5544e-27
594.68	0.00029624
594.69	0.00014392
594.69	5.026e-28
594.7	1.0683e-25
594.71	0.00028768
594.71	3.2073e-24
594.71	1.023e-24
594.71	0.00029094
594.71	1.6307e-05
594.72	0.0014605
594.72	2.6679e-26
594.73	1.7481e-26
594.74	4.9511e-26
594.74	4.4603e-26
594.75	0.00012923
594.75	7.1255e-06
594.75	0.00070759
594.75	0.0031779
594.75	0.0012814
594.76	1.8088e-25
594.76	5.9534e-26
594.76	2.6736e-26
594.77	8.4045e-05
594.77	0.00027264
594.78	2.9267e-26
594.79	6.0025e-25
594.8	4.7707e-05
594.8	0.0010232
594.8	3.3807e-25
594.81	0.0023174
594.81	9.5378e-26
594.81	3.2796e-05
594.81	0.00013071
594.83	1.1445e-26
594.83	2.2828e-05
594.84	5.9387e-26
594.84	8.6034e-28
594.85	2.2664e-05
594.86	3.1834e-26
594.86	2.7735e-26
594.86	1.4764e-24
594.87	6.5803e-05
594.87	1.4454e-26
594.87	0.0001668
594.87	0.00017739
594.87	0.0012089
594.88	0.00041299
594.88	8.4279e-26
594.88	6.0603e-26
594.89	5.4508e-05
594.89	0.00011306
594.91	6.6605e-27
594.91	2.1688e-25
594.92	6.596e-06
594.92	1.5678e-22
594.93	1.9275e-06
594.93	0.0012773
594.94	7.6862e-25
594.94	4.4771e-05
594.95	4.3337e-29
594.96	0.00025501
594.97	8.9055e-27
594.97	3.9336e-05
594.98	3.9287e-26
594.98	6.3731e-26
594.99	0.00014788
594.99	4.4931e-26
594.99	6.2283e-26
595	8.8642e-05
595	0.00014432
595	1.8743e-25
595	4.6156e-25
595.01	1.0776e-05
595.01	4.4887e-05
595.01	5.6175e-27
595.02	0.0018062
595.02	0.00019784
595.03	4.1129e-25
595.04	3.7419e-27
595.04	0.00039813
595.06	3.9756e-27
595.07	9.8479e-27
595.08	0.0003853
595.08	9.3862e-28
595.09	9.169e-26
595.09	0.0001737
595.09	9.9333e-05
595.09	1.8603e-27
595.1	0.00066959
595.1	4.9753e-25
595.1	0.00016443
595.11	0.0001309
595.12	7.8927e-25
595.12	0.00020261
595.12	7.3713e-27
595.13	1.314e-25
595.13	4.1443e-05
595.14	1.7544e-24
595.14	4.1603e-05
595.14	5.4123e-26
595.15	5.1981e-05
595.15	5.7275e-24
595.15	0.00032152
595.15	9.5839e-05
595.15	0.00010835
595.17	2.049e-27
595.17	4.511e-25
595.17	2.2254e-05
595.17	6.188e-05
595.18	3.7199e-25
595.18	3.9627e-05
595.19	7.5088e-25
595.19	2.572e-05
595.19	4.2088e-26
595.19	6.0948e-25
595.19	3.5484e-05
595.2	0.0002233
595.23	3.2923e-25
595.23	0.00013033
595.24	1.465e-26
595.26	2.2799e-26
595.26	0.0001632
595.26	3.3856e-26
595.28	2.2497e-26
595.28	7.7068e-25
595.28	9.8535e-05
595.29	0.00022705
595.29	8.5234e-27
595.29	9.0699e-25
595.29	0.0010645
595.29	0.00050502
595.29	2.0218e-23
595.3	1.3673e-25
595.3	1.5142e-05
595.3	2.6745e-25
595.3	0.00059477
595.31	0.00083025
595.31	0.00014041
595.32	7.4078e-26
595.33	5.9345e-27
595.33	1.1563e-25
595.33	0.00013381
595.34	0.0003816
595.34	4.5395e-28
595.35	2.0551e-05
595.37	9.3891e-25
595.37	0.00043011
595.39	0.00065707
595.4	2.7516e-27
595.4	0.00060883
595.4	1.25e-26
595.41	6.1901e-26
595.41	7.5323e-05
595.41	1.0003e-22
595.42	2.7108e-27
595.42	0.00013243
595.42	6.6406e-05
595.42	0.00019489
595.43	4.0431e-27
595.43	3.6991e-25
595.43	1.0677e-25
595.44	0.00023149
595.44	0.001047
595.44	3.3199e-24
595.45	0.001254
595.46	2.9708e-25
595.47	0.00035602
595.48	0.00027155
595.48	9.252e-27
595.48	1.2307e-05
595.49	7.4915e-26
595.49	2.4506e-05
595.51	4.4164e-26
595.51	3.4542e-27
595.51	9.5394e-25
595.51	9.3532e-05
595.51	1.2626e-25
595.52	8.8447e-26
595.52	0.00018191
595.52	0.00056846
595.53	2.0426e-26
595.53	7.2317e-26
595.54	0.00015979
595.54	2.3294e-25
595.55	8.6305e-05
595.55	2.9231e-24
595.55	1.8468e-05
595.55	0.0010705
595.55	9.8718e-26
595.56	3.293e-24
595.56	0.00041456
595.56	0.0001361
595.57	2.0079e-27
595.59	1.1003e-23
595.59	0.00010661
595.6	0.0026548
595.61	8.6266e-26
595.61	0.00086344
595.61	3.5932e-26
595.61	0.0011909
595.61	9.6075e-05
595.62	0.0003283
595.62	9.2883e-27
595.63	2.3239e-25
595.63	0.00017922
595.64	0.00042899
595.65	2.9326e-27
595.66	0.00020013
595.66	0.00024165
595.66	1.0682e-24
595.66	1.2028e-05
595.67	3.2428e-25
595.67	2.2787e-25
595.67	5.5835e-06
595.68	0.00086522
595.7	4.8425e-26
595.7	8.2596e-27
595.71	3.4387e-25
595.72	2.4852e-27
595.72	0.00073727
595.72	4.647e-26
595.72	0.00051888
595.72	0.00010259
595.73	2.3535e-25
595.73	0.00051134
595.74	1.8762e-26
595.74	2.1409e-26
595.74	4.3759e-05
595.75	0.00061635
595.76	3.0972e-26
595.76	3.6335e-05
595.76	0.00058801
595.76	2.4588e-23
595.77	2.7332e-26
595.78	1.9325e-05
595.78	1.4835e-05
595.78	7.3741e-26
595.78	6.5447e-25
595.79	1.2588e-26
595.79	0.00024104
595.79	0.00079277
595.8	0.0015634
595.82	0.0017164
595.83	1.5408e-24
595.83	1.2625e-26
595.83	5.1154e-05
595.84	1.5697e-26
595.85	4.7135e-25
595.85	0.00024103
595.86	0.00083093
595.87	3.8179e-27
595.88	3.7401e-25
595.88	9.0543e-05
595.89	1.0876e-25
595.89	0.00025616
595.91	0.00076186
595.91	1.6929e-27
595.92	1.3956e-26
595.93	2.7879e-26
595.93	1.6453e-24
595.94	6.7675e-27
595.94	0.00042252
595.94	0.000268
595.95	0.0019022
595.95	0.0019024
595.95	1.4407e-26
595.96	7.5291e-25
595.96	0.0005985
595.96	1.0428e-23
595.96	0.00018521
595.96	0.00030998
595.97	8.3042e-27
595.97	0.00037595
595.99	9.8557e-27
595.99	0.00016656
595.99	0.00011912
595.99	3.4058e-23
596	3.5085e-26
596.01	0.00017645
596.01	0.0008119
596.01	2.0738e-24
596.01	1.8411e-06
596.02	2.5456e-26
596.04	0.0020042
596.04	2.1571e-05
596.04	1.8949e-23
596.04	1.5495e-05
596.05	1.7636e-26
596.06	1.2533e-24
596.06	2.7175e-26
596.07	0.00052739
596.07	5.4567e-26
596.08	0.0013149
596.08	0.0010868
596.1	0.001511
596.11	1.2585e-25
596.12	0.00054971
596.12	1.0921e-24
596.12	6.3852e-25
596.13	5.2139e-26
596.13	0.00069369
596.13	0.00020006
596.14	1.1692e-25
596.14	7.0515e-05
596.14	0.00022372
596.14	2.5695e-26
596.15	3.2634e-25
596.15	3.8525e-27
596.15	0.00023994
596.17	3.2647e-26
596.18	5.8834e-27
596.19	0.001239
596.19	0.00011956
596.2	4.3411e-25
596.2	0.0010703
596.2	6.1248e-26
596.2	0.00059503
596.2	1.5917e-24
596.21	9.8788e-28
596.23	2.8585e-24
596.23	0.00091916
596.23	0.00021505
596.23	0.00039251
596.23	8.0389e-25
596.24	6.6158e-27
596.24	0.0001862
596.25	6.5399e-26
596.25	7.1378e-05
596.25	0.0021583
596.25	0.00034365
596.26	0.00015717
596.26	2.8629e-27
596.26	7.7004e-26
596.28	0.00048784
596.28	0.00073254
596.28	4.618e-25
596.3	0.00049324
596.3	7.9577e-27
596.3	7.1626e-05
596.31	1.117e-25
596.32	0.00020273
596.33	6.4796e-27
596.35	9.0564e-27
596.37	4.4445e-24
596.37	6.6735e-05
596.37	3.6075e-25
596.37	0.00027046
596.39	5.1725e-28
596.39	7.5936e-25
596.39	0.00016624
596.39	4.5775e-05
596.39	0.0018334
596.4	1.5931e-25
596.41	4.5346e-24
596.41	0.00011881
596.41	3.2896e-26
596.41	7.1452e-05
596.41	7.0982e-27
596.42	0.0001753
596.42	0.0011291
596.42	0.00025821
596.43	4.6072e-26
596.43	2.6956e-05
596.45	2.4349e-27
596.47	6.8039e-27
596.49	8.6664e-26
596.49	0.00053937
596.5	0.0004715
596.5	0.001314
596.5	1.6663e-23
596.5	6.8415e-05
596.51	3.174e-24
596.52	7.5848e-05
596.52	3.2488e-25
596.52	0.00011495
596.54	9.4438e-25
596.54	6.7832e-25
596.54	2.3875e-05
596.54	0.00023335
596.55	9.0588e-26
596.55	1.225e-25
596.56	0.00013665
596.56	4.2955e-25
596.56	0.00012322
596.57	6.8339e-25
596.57	4.6122e-26
596.58	0.00017095
596.58	0.0018063
596.58	3.2866e-25
596.58	0.00089051
596.61	1.2026e-25
596.62	2.493e-27
596.62	5.69e-05
596.63	0.0011676
596.65	0.00023374
596.66	9.1365e-27
596.67	9.3815e-27
596.67	8.2165e-06
596.67	1.1912e-25
596.68	0.00056814
596.68	5.2703e-26
596.68	1.4624e-05
596.68	1.0168e-23
596.68	2.6251e-05
596.69	6.62e-25
596.69	0.00022492
596.7	0.0010149
596.7	9.6805e-25
596.7	9.202e-26
596.7	7.5281e-25
596.7	0.00040767
596.7	0.00034116
596.72	0.00026678
596.72	3.2476e-24
596.73	2.8425e-05
596.73	9.3651e-24
596.73	2.1188e-05
596.75	1.2878e-24
596.75	0.0001274
596.77	5.2265e-26
596.77	0.00024392
596.77	4.3188e-25
596.78	5.0853e-25
596.78	1.095e-25
596.78	1.0969e-25
596.78	0.00014175
596.79	6.2149e-26
596.79	4.4864e-05
596.79	0.00064928
596.81	3.6404e-23
596.81	0.00011774
596.81	3.7597e-05
596.81	0.00040857
596.82	5.305e-25
596.82	2.8634e-24
596.82	0.00012299
596.82	0.00011446
596.82	5.28e-24
596.82	8.4313e-05
596.83	4.295e-27
596.85	2.2516e-05
596.87	2.377e-24
596.87	0.00010689
596.88	2.6241e-25
596.89	0.00023171
596.9	4.4772e-26
596.9	0.00020685
596.93	1.9515e-24
596.94	0.00055099
596.94	2.7436e-27
596.94	4.074e-26
596.94	1.7597e-27
596.95	1.7493e-05
596.95	3.8503e-06
596.95	1.1509e-26
596.97	3.0134e-26
596.97	0.00067942
596.98	0.0012984
596.99	3.6421e-27
596.99	6.8956e-21
596.99	0.0012438
596.99	3.0455e-05
597.02	9.4294e-26
597.04	2.2496e-26
597.04	0.00054811
597.05	2.595e-26
597.05	0.00015541
597.06	0.00013431
597.07	3.6236e-23
597.07	5.6941e-05
597.07	1.1529e-24
597.07	5.0222e-27
597.08	6.3679e-05
597.08	4.4181e-24
597.08	3.0091e-05
597.09	6.8633e-05
597.09	1.6672e-25
597.09	1.1158e-25
597.1	0.00020619
597.1	2.8793e-25
597.1	0.00035983
597.1	0.00021226
597.12	7.0738e-27
597.12	1.0313e-25
597.12	0.00014908
597.12	0.000678
597.13	1.3059e-26
597.14	0.0014959
597.14	2.9046e-26
597.15	0.00018384
597.15	0.00037618
597.16	4.6976e-24
597.16	0.00026565
597.17	6.2491e-25
597.18	0.0016938
597.18	5.5708e-23
597.18	5.0457e-06
597.2	7.8245e-25
597.2	1.0201e-05
597.2	2.8345e-25
597.21	0.00023637
597.23	1.0158e-26
597.24	4.9104e-27
597.25	0.00013412
597.25	1.9708e-27
597.28	9.3226e-27
597.28	2.9467e-26
597.29	0.0010466
597.29	0.0002247
597.3	0.0009999
597.31	1.4065e-27
597.34	0.0017901
597.34	1.4146e-24
597.35	0.00021689
597.36	0.0005538
597.37	1.1806e-25
597.37	4.5971e-24
597.38	0.00013482
597.4	3.4953e-26
597.4	0.0016085
597.44	3.3401e-26
597.44	1.6659e-26
597.47	4.1671e-25
597.47	0.00093697
597.47	7.8145e-25
597.47	3.0729e-05
597.47	0.0010723
597.48	0.00012048
597.48	0.00069096
597.51	7.3712e-23
597.51	1.6814e-05
597.52	2.534e-25
597.53	1.0883e-26
597.53	0.00023814
597.53	6.9703e-05
597.55	1.7717e-25
597.55	0.00022283
597.56	2.0311e-25
597.57	2.0041e-23
597.57	8.9447e-05
597.57	6.0593e-25
597.57	0.00019511
597.58	0.00023911
597.58	1.3037e-25
597.58	0.00014176
597.6	1.09e-23
597.6	0.00023191
597.62	5.5042e-26
597.64	5.5434e-27
597.65	0.00030844
597.65	2.3229e-26
597.66	0.0023355
597.66	4.3096e-24
597.66	0.00012621
597.67	1.2018e-24
597.67	0.00016124
597.68	8.6987e-25
597.68	0.00049643
597.69	1.0968e-24
597.69	0.00016752
597.72	4.6632e-24
597.72	0.00016394
597.74	3.2888e-26
597.74	4.1215e-25
597.74	0.0012144
597.75	0.00038489
597.75	0.00047489
597.78	5.5737e-25
597.79	2.0358e-26
597.79	4.6276e-26
597.8	0.00023769
597.8	0.00061574
597.8	0.00054639
597.82	8.6575e-27
597.83	4.8098e-26
597.83	1.7501e-28
597.84	0.00054718
597.84	3.9404e-26
597.84	8.6136e-05
597.87	0.0015243
597.87	1.1431e-23
597.87	0.00012339
597.87	3.0725e-25
597.87	1.6885e-24
597.87	8.951e-05
597.88	1.5925e-25
597.88	0.00011347
597.9	5.2064e-25
597.9	1.3421e-26
597.91	0.0015909
597.91	5.4199e-25
597.91	0.00025456
597.91	0.00036189
597.92	0.00038339
597.93	1.858e-24
597.94	0.00014694
597.94	1.9992e-24
597.94	2.3035e-05
597.94	1.0252e-25
597.95	0.00079602
597.96	3.3185e-26
597.96	1.4732e-26
597.96	0.00042431
597.99	0.00063768
597.99	0.0010795
598.04	6.2378e-25
598.05	0.00075604
598.08	1.7015e-25
598.08	2.2164e-25
598.09	0.00022693
598.09	1.0676e-23
598.09	3.5182e-05
598.1	3.8949e-26
598.1	4.6099e-26
598.1	0.00020858
598.1	0.0015221
598.13	1.3276e-26
598.14	0.00011285
598.15	0.0018182
598.15	3.0866e-23
598.15	9.1874e-27
598.16	6.0896e-05
598.17	0.00025335
598.18	6.4168e-27
598.18	5.1039e-24
598.18	0.00016279
598.18	1.677e-26
598.19	1.9267e-24
598.19	0.00036867
598.2	0.00064001
598.2	8.3658e-26
598.21	3.9056e-05
598.21	5.1808e-25
598.21	6.0444e-05
598.23	1.041e-25
598.23	2.1027e-25
598.24	0.00021925
598.25	0.0018181
598.25	6.9004e-24
598.25	2.3446e-05
598.27	0.0028015
598.28	3.7932e-26
598.28	0.00020979
598.29	7.8772e-26
598.3	0.00012903
598.32	5.2128e-25
598.32	8.5929e-24
598.33	0.00070576
598.33	0.0016577
598.37	5.286e-27
598.37	1.803e-26
598.37	1.7191e-25
598.38	0.00027061
598.38	1.4021e-26
598.39	2.8202e-24
598.39	0.00010803
598.4	5.1714e-05
598.41	0.00019738
598.41	6.0788e-24
598.41	7.0551e-06
598.42	2.7399e-24
598.43	0.00037456
598.43	0.001655
598.44	3.0941e-24
598.44	0.00012549
598.44	8.682e-27
598.45	0.00018419
598.47	2.2947e-24
598.48	8.1491e-05
598.49	1.2204e-26
598.49	5.9439e-27
598.51	5.7893e-25
598.51	0.00022272
598.52	0.00042
598.52	0.00076006
598.54	2.2921e-25
598.55	0.0004282
598.56	2.2319e-27
598.57	1.2358e-26
598.58	4.6857e-27
598.6	0.00033936
598.61	6.3386e-24
598.61	7.3292e-06
598.62	1.5765e-26
598.62	6.4752e-27
598.63	0.00025026
598.63	0.00024041
598.64	2.0807e-24
598.64	5.6121e-05
598.64	0.0022085
598.68	1.9289e-27
598.69	0.00010884
598.71	0.0017804
598.76	8.8333e-27
598.76	8.9134e-27
598.77	0.00034309
598.78	0.00030363
598.78	1.1632e-24
598.79	5.6556e-27
598.79	0.00032749
598.79	1.345e-24
598.79	4.0369e-05
598.8	0.0002998
598.81	1.685e-25
598.81	5.3949e-26
598.82	1.6141e-24
598.82	0.00016858
598.82	0.0001853
598.83	0.00091797
598.83	2.8087e-25
598.83	0.00031139
598.85	5.1867e-26
598.85	1.2475e-26
598.85	0.00029098
598.86	0.00067526
598.86	2.3188e-25
598.88	0.0010239
598.88	5.3126e-24
598.89	0.00067484
598.89	1.7767e-25
598.91	2.81e-25
598.91	1.7481e-23
598.91	0.0012352
598.91	0.00018675
598.91	0.00020264
598.93	1.1773e-26
598.94	7.9386e-26
598.94	1.5718e-24
598.94	2.4648e-05
598.94	5.9337e-25
598.95	6.652e-05
598.95	6.6284e-05
598.95	0.00064234
598.96	1.9192e-25
598.96	6.1088e-05
599	1.2619e-24
599.01	0.00027669
599.01	1.5009e-26
599.02	1.0713e-24
599.02	0.0014816
599.02	0.00022444
599.04	7.2028e-24
599.04	2.1812e-05
599.06	1.4653e-25
599.06	0.00022542
599.08	1.7772e-27
599.08	5.8381e-26
599.09	0.0005434
599.09	4.1267e-24
599.09	8.1597e-05
599.09	0.00021412
599.11	6.7268e-23
599.11	8.5631e-05
599.14	7.9136e-25
599.15	0.0003951
599.2	3.7385e-24
599.2	0.00030593
599.23	3.8595e-25
599.26	0.0014944
599.27	3.3207e-25
599.28	0.00069822
599.3	1.4683e-26
599.3	7.087e-24
599.3	5.5118e-25
599.3	0.00017247
599.3	0.00020155
599.31	0.00014446
599.32	7.4691e-25
599.32	0.00015275
599.35	1.2089e-25
599.35	0.00017629
599.4	2.0079e-26
599.4	8.2573e-05
599.43	9.6857e-26
599.43	3.5635e-22
599.43	2.0692e-05
599.44	8.4865e-25
599.44	0.00020504
599.44	0.00089296
599.46	1.3408e-27
599.46	0.00010101
599.52	1.7031e-27
599.52	2.6319e-25
599.52	1.5431e-26
599.52	7.6585e-27
599.52	4.4479e-05
599.52	2.2341e-26
599.52	0.00012864
599.52	2.3638e-24
599.53	7.2832e-05
599.53	8.1181e-26
599.53	0.00081371
599.53	6.0962e-05
599.53	2.7599e-26
599.54	5.2781e-26
599.54	0.00063606
599.55	0.00020029
599.55	0.002568
599.56	0.00096379
599.59	2.7834e-26
599.59	3.0648e-26
599.59	4.8564e-05
599.61	0.0010462
599.64	4.5292e-25
599.64	1.2659e-05
599.64	1.0664e-25
599.64	2.8264e-24
599.65	0.00029734
599.66	0.0003523
599.67	1.3883e-26
599.7	0.0016336
599.7	2.3041e-24
599.7	0.00013681
599.71	6.5852e-25
599.71	0.00010332
599.73	1.8226e-24
599.74	0.00050302
599.76	6.5549e-25
599.76	0.00010752
599.77	2.2074e-24
599.77	7.9513e-05
599.79	2.2289e-25
599.79	3.8711e-26
599.79	5.6769e-05
599.8	0.00030187
599.83	5.3696e-28
599.85	3.4958e-25
599.85	0.00038409
599.87	4.5913e-24
599.87	0.00019251
599.88	8.1182e-24
599.88	0.00016188
599.88	1.2676e-25
599.89	1.7512e-24
599.89	0.00055524
599.91	0.0024362
599.92	0.00085434
599.94	2.3939e-25
599.97	4.1162e-24
599.97	8.9767e-05
599.99	1.5843e-25
599.99	0.00012628
599.99	0.0051495
