548.05	2.2146e-27
549.02	9.9359e-29
549.37	7.9921e-28
549.42	1.9502e-27
549.87	2.8748e-27
549.88	0.35261
550.62	1.0082e-26
550.75	0.30001
551.2	0.31829
551.22	0.27153
551.25	1.3502e-25
551.46	9.0511e-27
551.62	4.2774e-26
551.63	0.42057
551.9	3.6957e-28
552.32	0.36145
553.07	0.24695
553.25	0.34342
553.38	0.44072
553.7	0.34597
557.34	2.6058e-27
557.85	3.0333e-27
558.02	1.3164e-27
558.11	9.7312e-27
558.16	0.0092085
558.22	0.074945
558.35	0.17444
558.87	0.1604
558.97	1.1111e-26
559.15	2.3386e-29
559.16	0.0011316
559.47	3.5749e-27
559.53	3.5368e-26
559.57	0.0075467
559.93	0.15321
560	0.024573
560	2.52e-21
560.1	7.0925e-26
560.12	0.00088729
560.61	0.15696
560.86	4.3766e-28
560.89	1.4131e-25
560.89	0.00039225
561	0.063722
561.3	7.8971e-27
561.45	0.022177
561.53	1.1853e-26
561.69	0.031946
561.78	1.51e-26
561.78	1.7805e-26
561.81	0.0077455
562	5.5517e-25
562	0.00032999
562.07	0.052337
562.35	2.7062e-26
562.41	2.3375e-25
562.44	0.0049634
562.46	0.016028
562.66	1.1811e-27
562.79	0.032707
563.02	1.269e-25
563.08	0.0055505
563.25	4.0753e-27
563.26	0.0026597
563.46	9.1337e-26
563.48	0.0026059
563.66	2.6626e-27
563.79	4.1737e-27
563.83	0.0057923
563.94	2.6981e-27
563.98	0.0035404
564	0.003154
564.03	1.3066e-25
564.5	3.3131e-27
564.51	2.9896e-26
564.62	1.2121e-27
564.67	0.035177
564.71	0.040953
564.76	2.0737e-27
564.84	8.9937e-28
564.86	0.0035586
565.35	0.025444
565.39	1.3995e-27
565.4	2.6545e-27
565.48	4.2609e-27
565.83	9.8081e-26
565.86	0.0072738
565.94	0.051597
566.02	7.1176e-26
566.11	0.22425
566.2	0.091843
566.39	0.63082
566.66	7.5737e-28
566.67	1.5293e-26
566.69	0.0057854
566.88	6.7504e-28
567.16	0.0623
567.3	1.6725e-25
567.32	0.50144
567.73	0.5488
567.83	0.43469
568.33	1.7631e-27
568.67	2.1625e-25
568.71	0.032346
568.75	0.43172
569.17	0.30937
569.3	3.0514e-27
569.35	0.0099818
570.46	2.5261e-26
570.52	0.01341
570.76	1.2751e-28
571.4	2.0976e-26
571.53	0.017383
571.56	0.13102
571.63	8.2785e-27
572.01	7.4702e-28
572.24	0.23037
572.33	9.4605e-28
572.64	5.7656e-28
572.75	0.13999
572.83	6.8982e-26
572.9	0.117
573.08	3.4913e-28
573.14	7.5897e-27
573.3	4.758e-27
573.32	0.019042
573.4	3.0089e-26
573.56	0.031585
573.73	0.013037
574.08	0.27326
574.16	1.6843e-26
574.16	2.4138e-26
574.17	7.2486e-28
574.25	0.31556
574.6	0.30168
574.62	2.5863e-27
574.73	0.20398
574.87	7.3943e-26
575.01	0.038715
575.21	0.36502
575.21	0.18943
575.64	1.1847e-26
575.77	0.25513
576.25	4.8035e-27
576.39	0.10789
576.53	1.0739e-27
577.01	0.15806
577.15	5.8961e-27
577.32	0.067922
577.37	0.22065
577.68	2.3537e-28
578.33	0.083472
579.03	8.4101e-27
579.05	0.0059341
579.1	4.1188e-28
579.17	0.023756
579.73	1.7094e-26
579.97	0.077117
580.05	1.8487e-26
580.06	0.0034876
580.65	8.1289e-25
580.66	0.00095897
580.77	2.1995e-27
580.87	0.030531
581.1	4.4634e-26
581.17	0.021586
581.39	6.131e-27
581.54	0.044381
581.59	1.4832e-26
581.63	6.1992e-28
581.65	0.017728
581.67	0.00087516
582	4.4608e-28
582.22	9.7878e-26
582.23	0.0030915
582.24	0.00073834
582.44	4.9229e-27
582.56	0.0033484
582.62	1.679e-25
582.65	0.0068686
582.68	7.4811e-28
582.75	1.4372e-27
582.83	0.015803
582.85	0.0026465
583.12	4.5431e-28
583.18	1.7315e-27
583.23	2.1384e-26
583.25	0.0012805
583.27	0.0032339
583.31	0.0059733
583.43	7.068e-28
583.58	0.0052939
583.81	8.1386e-28
583.88	3.8928e-28
583.9	5.3581e-27
583.96	0.0029722
584.05	0.0067724
584.06	2.541e-25
584.07	0.0019335
584.25	2.6714e-28
584.39	1.0293e-27
584.42	0.0055202
584.45	0.00019713
584.48	2.5677e-28
584.52	8.5885e-27
584.58	0.0035518
584.66	1.1988e-26
584.74	0.0082297
584.79	0.0080172
584.88	1.8466e-28
584.98	0.0011644
585.01	2.2821e-27
585.01	3.196e-28
585.1	0.010557
585.18	0.0080581
585.22	9.1834e-26
585.44	5.0855e-27
585.46	7.9062e-27
585.5	0.0018056
585.53	0.017903
585.56	0.0065221
585.62	2.3744e-27
585.75	0.0030697
585.75	1.4882e-25
585.85	2.5235e-25
585.86	0.00023944
585.86	0.0029511
585.9	0.00026085
586	8.9092e-28
586.09	6.2947e-28
586.17	0.0032947
586.29	0.001302
586.31	3.1364e-27
586.34	4.5535e-27
586.36	0.010062
586.45	0.0042798
586.45	2.3642e-27
586.53	0.0011975
586.63	2.4738e-27
586.95	0.018384
587.08	3.2461e-28
587.11	0.00050901
587.24	1.9547e-25
587.25	0.00082172
587.32	5.5792e-27
587.36	1.2316e-25
587.38	0.0041987
587.52	0.0081367
587.74	2.4243e-28
587.75	1.113e-27
587.77	0.0018145
587.85	7.9712e-05
587.85	5.5415e-27
587.93	1.3578e-26
587.95	0.00068925
588.3	0.0091555
588.4	2.8328e-26
588.4	2.17e-05
588.45	3.9219e-25
588.46	0.00083129
588.55	1.0755e-26
588.57	0.0066284
588.77	3.0303e-27
588.84	0.002477
588.95	2.2325e-27
588.97	0.0023845
589.11	8.0221e-27
589.13	0.00017479
589.18	4.2634e-27
589.21	0.0010065
589.3	1.2355e-25
589.3	0.00039875
589.62	3.7158e-25
589.62	0.0010676
589.66	1.0568e-26
589.71	0.0032137
589.97	7.4521e-28
590.05	6.1967e-27
590.07	0.00051534
590.12	5.1522e-26
590.15	0.0016036
590.17	0.0016509
590.28	9.492e-28
590.34	4.6105e-28
590.36	8.0868e-25
590.37	0.00062716
590.42	2.0082e-26
590.43	0.00024303
590.48	0.0090836
590.55	0.0086203
591.07	1.0725e-29
591.1	0.00094248
591.16	9.7448e-27
591.21	0.0039021
591.33	3.5951e-28
591.35	2.2228e-26
591.38	0.0053272
591.38	2.7476e-26
591.4	0.004476
591.49	0.024544
591.69	1.7075e-27
591.8	0.0025074
591.9	4.2539e-26
591.91	0.00023231
591.93	1.3609e-24
591.94	0.0011631
591.97	1.1587e-26
592	0.00070318
592.37	2.9562e-26
592.43	2.7762e-25
592.43	0.0029901
592.44	0.0017484
592.66	1.2081e-26
592.68	0.0012518
592.69	2.2511e-28
592.75	0.0017707
592.78	6.6361e-28
592.9	0.0023463
592.9	2.2345e-25
592.91	9.2554e-05
592.91	1.0788e-25
592.95	0.0046875
593	5.1606e-26
593.04	0.0023966
593.47	1.0089e-28
593.54	5.0676e-26
593.55	0.001464
593.6	2.7727e-28
593.63	0.0068694
593.65	2.0905e-27
593.67	0.00016676
593.84	5.4727e-25
593.85	3.1721e-05
593.9	3.2467e-27
593.92	0.0026274
593.92	9.3369e-05
594.08	3.229e-28
594.14	0.0010695
594.15	5.5863e-28
594.16	6.5982e-29
594.17	0.00018797
594.17	0.00030502
594.39	1.9253e-27
594.42	0.00080432
594.43	6.1248e-26
594.45	3.0135e-05
594.59	1.6333e-26
594.62	7.1421e-26
594.62	0.00051032
594.64	2.2839e-26
594.65	0.00080482
594.67	0.00025948
594.83	1.9748e-28
594.88	0.0025085
595.05	5.5893e-28
595.08	0.0002996
595.4	7.2943e-28
595.42	1.5893e-27
595.43	0.00068075
595.43	0.00058551
595.58	3.9272e-28
595.6	0.00011999
595.7	9.5823e-29
595.75	5.7731e-26
595.75	0.00071439
595.78	0.0014578
595.96	1.2333e-27
596.02	6.6758e-27
596.04	0.0019993
596.07	1.134e-26
596.07	0.0088939
596.09	0.0015894
596.58	4.3742e-27
596.6	1.5169e-27
596.61	0.0034023
596.61	0.0011619
597.05	3.6238e-27
597.12	0.0041861
597.49	4.1397e-27
597.56	0.012079
598.34	7.1988e-26
598.34	0.0002946
598.46	1.3461e-24
598.46	9.4353e-05
598.53	4.5289e-30
598.57	0.0031322
598.97	4.367e-28
599.02	0.0053366
599.38	9.688e-27
599.4	2.2942e-25
599.43	0.0044389
599.43	0.004406
599.71	4.3807e-25
599.73	0.0013561
