540	0.002419
540.06	0.0024402
540.12	0.0024617
540.18	0.0024836
540.24	0.0025058
540.3	0.0025283
540.36	0.0025511
540.42	0.0025743
540.48	0.0025978
540.54	0.0026217
540.6	0.0026459
540.66	0.0026706
540.72	0.0026956
540.78	0.0027209
540.84	0.0027467
540.9	0.0027729
540.96	0.0027995
541.02	0.0028266
541.08	0.002854
541.14	0.0028819
541.2	0.0029103
541.26	0.0029391
541.32	0.0029684
541.38	0.0029982
541.44	0.0030285
541.5	0.0030593
541.56	0.0030906
541.62	0.0031224
541.68	0.0031548
541.74	0.0031878
541.8	0.0032213
541.86	0.0032554
541.92	0.0032901
541.98	0.0033255
542.04	0.0033614
542.1	0.0033981
542.16	0.0034353
542.22	0.0034733
542.28	0.003512
542.34	0.0035514
542.4	0.0035915
542.46	0.0036324
542.52	0.003674
542.58	0.0037165
542.64	0.0037598
542.7	0.0038039
542.76	0.0038489
542.82	0.0038948
542.88	0.0039416
542.94	0.0039893
543	0.0040381
543.06	0.0040878
543.12	0.0041385
543.18	0.0041903
543.24	0.0042432
543.3	0.0042972
543.36	0.0043524
543.42	0.0044087
543.48	0.0044663
543.54	0.0045251
543.6	0.0045853
543.66	0.0046467
543.72	0.0047096
543.78	0.0047739
543.84	0.0048397
543.9	0.004907
543.96	0.0049759
544.02	0.0050464
544.08	0.0051186
544.14	0.0051926
544.2	0.0052683
544.26	0.0053459
544.32	0.0054255
544.38	0.005507
544.44	0.0055906
544.5	0.0056764
544.56	0.0057643
544.62	0.0058546
544.68	0.0059473
544.74	0.0060425
544.8	0.0061402
544.86	0.0062406
544.92	0.0063438
544.98	0.0064499
545.05	0.006559
545.11	0.0066712
545.17	0.0067867
545.23	0.0069056
545.29	0.0070281
545.35	0.0071542
545.41	0.0072842
545.47	0.0074182
545.53	0.0075563
545.59	0.0076989
545.65	0.0078461
545.71	0.007998
545.77	0.008155
545.83	0.0083173
545.89	0.008485
545.95	0.0086586
546.01	0.0088382
546.07	0.0090242
546.13	0.0092169
546.19	0.0094167
546.25	0.009624
546.31	0.009839
546.37	0.010062
546.43	0.010294
546.49	0.010536
546.55	0.010787
546.61	0.011048
546.67	0.01132
546.73	0.011604
546.79	0.0119
546.85	0.01221
546.91	0.012533
546.97	0.012871
547.03	0.013225
547.09	0.013597
547.15	0.013986
547.21	0.014395
547.27	0.014824
547.33	0.015277
547.39	0.015753
547.45	0.016256
547.51	0.016787
547.57	0.017349
547.63	0.017944
547.69	0.018575
547.75	0.019246
547.81	0.019961
547.87	0.020723
547.93	0.021536
547.99	0.022408
548.05	0.023343
548.11	0.024349
548.17	0.025434
548.23	0.026607
548.29	0.027879
548.35	0.029262
548.41	0.030772
548.47	0.032426
548.53	0.034244
548.59	0.036253
548.65	0.038481
548.71	0.040966
548.77	0.043753
548.83	0.046896
548.89	0.050466
548.95	0.054548
549.01	0.059254
549.07	0.064726
549.13	0.071147
549.19	0.078757
549.25	0.087872
549.31	0.098908
549.37	0.11241
549.43	0.12909
549.49	0.1498
549.55	0.17553
549.61	0.20708
549.67	0.2444
549.73	0.28529
549.79	0.32385
549.85	0.35077
549.91	0.35799
549.97	0.34531
550.03	0.3207
550.09	0.29402
550.15	0.27201
550.21	0.25769
550.27	0.25196
550.33	0.25493
550.39	0.2667
550.45	0.28749
550.51	0.31743
550.57	0.35573
550.63	0.39935
550.69	0.4422
550.75	0.47704
550.81	0.50097
550.87	0.51908
550.93	0.54098
550.99	0.5741
551.05	0.61927
551.11	0.66888
551.17	0.70816
551.23	0.72302
551.29	0.71143
551.35	0.68538
551.41	0.66057
551.47	0.64565
551.53	0.63868
551.59	0.62932
551.65	0.60638
551.71	0.56708
551.77	0.51899
551.83	0.47305
551.89	0.43707
551.95	0.41465
552.01	0.40667
552.07	0.41253
552.13	0.43009
552.19	0.45444
552.25	0.47689
552.31	0.48689
552.37	0.47855
552.43	0.45545
552.49	0.42745
552.55	0.4038
552.61	0.39
552.67	0.38857
552.73	0.40065
552.79	0.42703
552.85	0.4682
552.91	0.52372
552.97	0.59083
553.03	0.66378
553.09	0.73541
553.15	0.79947
553.21	0.85004
553.27	0.87979
553.33	0.88229
553.39	0.85667
553.45	0.81044
553.51	0.75675
553.57	0.70561
553.63	0.6575
553.69	0.60551
553.75	0.5442
553.81	0.47581
553.87	0.40765
553.93	0.34604
553.99	0.29373
554.05	0.25077
554.11	0.21593
554.17	0.18773
554.23	0.16478
554.29	0.14595
554.35	0.13037
554.41	0.11735
554.47	0.10636
554.53	0.097019
554.59	0.089008
554.65	0.082087
554.71	0.076069
554.77	0.070804
554.83	0.066172
554.89	0.062076
554.95	0.058439
555.02	0.055197
555.08	0.052295
555.14	0.049691
555.2	0.047348
555.26	0.045234
555.32	0.043323
555.38	0.041594
555.44	0.040027
555.5	0.038607
555.56	0.037319
555.62	0.036153
555.68	0.035097
555.74	0.034143
555.8	0.033283
555.86	0.032512
555.92	0.031824
555.98	0.031215
556.04	0.03068
556.1	0.030218
556.16	0.029826
556.22	0.029503
556.28	0.029248
556.34	0.02906
556.4	0.028942
556.46	0.028893
556.52	0.028917
556.58	0.029017
556.64	0.029197
556.7	0.029463
556.76	0.029821
556.82	0.03028
556.88	0.030851
556.94	0.031548
557	0.032385
557.06	0.033384
557.12	0.034569
557.18	0.03597
557.24	0.037626
557.3	0.039586
557.36	0.04191
557.42	0.044678
557.48	0.047992
557.54	0.051983
557.6	0.056825
557.66	0.062746
557.72	0.070044
557.78	0.079108
557.84	0.090429
557.9	0.10458
557.96	0.12214
558.02	0.14344
558.08	0.16811
558.14	0.19447
558.2	0.21936
558.26	0.2387
558.32	0.24871
558.38	0.24762
558.44	0.23739
558.5	0.22327
558.56	0.21084
558.62	0.20356
558.68	0.2022
558.74	0.20503
558.8	0.20803
558.86	0.20619
558.92	0.19655
558.98	0.18036
559.04	0.1616
559.1	0.14396
559.16	0.12939
559.22	0.11845
559.28	0.11108
559.34	0.10703
559.4	0.10605
559.46	0.10799
559.52	0.11276
559.58	0.12037
559.64	0.13103
559.7	0.14491
559.76	0.16158
559.82	0.17905
559.88	0.19338
559.94	0.20007
560	0.19718
560.06	0.18702
560.12	0.1743
560.18	0.16329
560.24	0.15652
560.3	0.15505
560.36	0.15904
560.42	0.16781
560.48	0.17939
560.54	0.19015
560.6	0.1956
560.66	0.19313
560.72	0.18416
560.78	0.17275
560.84	0.16229
560.9	0.15385
560.96	0.14639
561.02	0.13827
561.08	0.12893
561.14	0.11935
561.2	0.11103
561.26	0.10492
561.32	0.10123
561.38	0.09949
561.44	0.098965
561.5	0.099055
561.56	0.099526
561.62	0.1002
561.68	0.10064
561.74	0.1005
561.8	0.099953
561.86	0.099614
561.92	0.099862
561.98	0.1003
562.04	0.099807
562.1	0.097366
562.16	0.09312
562.22	0.088264
562.28	0.084041
562.34	0.081012
562.4	0.078995
562.46	0.077467
562.52	0.076107
562.58	0.075032
562.64	0.074449
562.7	0.074148
562.76	0.073404
562.82	0.071495
562.88	0.068361
562.94	0.064622
563	0.060982
563.06	0.05779
563.12	0.055085
563.18	0.052823
563.24	0.050978
563.3	0.049547
563.36	0.048532
563.42	0.04792
563.48	0.04768
563.54	0.047797
563.6	0.048301
563.66	0.049224
563.72	0.050535
563.78	0.0521
563.84	0.053732
563.9	0.055288
563.96	0.056722
564.02	0.058098
564.08	0.059619
564.14	0.061588
564.2	0.064322
564.26	0.068092
564.32	0.073128
564.38	0.079631
564.44	0.087701
564.5	0.097151
564.56	0.10718
564.62	0.11617
564.68	0.12208
564.74	0.12378
564.8	0.12199
564.86	0.11866
564.92	0.1157
564.98	0.1143
565.05	0.115
565.11	0.11798
565.17	0.12316
565.23	0.13026
565.29	0.13877
565.35	0.14813
565.41	0.15823
565.47	0.16976
565.53	0.18398
565.59	0.20223
565.65	0.22581
565.71	0.25588
565.77	0.29344
565.83	0.33912
565.89	0.39284
565.95	0.45365
566.01	0.51944
566.07	0.58642
566.13	0.64964
566.19	0.7052
566.25	0.75055
566.31	0.78033
566.37	0.78423
566.43	0.75456
566.49	0.69636
566.55	0.62567
566.61	0.5584
566.67	0.50376
566.73	0.46495
566.79	0.44224
566.85	0.4351
566.91	0.44317
566.97	0.4664
567.03	0.50466
567.09	0.55683
567.15	0.61957
567.21	0.68615
567.27	0.7462
567.33	0.78931
567.39	0.81324
567.45	0.82806
567.51	0.84913
567.57	0.88586
567.63	0.93527
567.69	0.98107
567.75	1
567.81	0.97499
567.87	0.90607
567.93	0.8093
567.99	0.70597
568.05	0.61205
568.11	0.5351
568.17	0.47673
568.23	0.43585
568.29	0.41085
568.35	0.40044
568.41	0.40396
568.47	0.42106
568.53	0.45083
568.59	0.49012
568.65	0.53147
568.71	0.56294
568.77	0.57352
568.83	0.5617
568.89	0.53707
568.95	0.51214
569.01	0.49396
569.07	0.48128
569.13	0.46644
569.19	0.44099
569.25	0.40259
569.31	0.35623
569.37	0.30915
569.43	0.26635
569.49	0.22984
569.55	0.19975
569.61	0.17535
569.67	0.15566
569.73	0.13976
569.79	0.12687
569.85	0.11637
569.91	0.1078
569.97	0.10081
570.03	0.095131
570.09	0.090591
570.15	0.087058
570.21	0.084442
570.27	0.082672
570.33	0.081654
570.39	0.081213
570.45	0.081038
570.51	0.080738
570.57	0.080072
570.63	0.079145
570.69	0.078332
570.75	0.078015
570.81	0.078455
570.87	0.07981
570.93	0.082209
570.99	0.085802
571.05	0.0908
571.11	0.097489
571.17	0.10624
571.23	0.11745
571.29	0.13145
571.35	0.14815
571.41	0.16643
571.47	0.18363
571.53	0.19587
571.59	0.2003
571.65	0.19765
571.71	0.19182
571.77	0.18715
571.83	0.18661
571.89	0.19174
571.95	0.20317
572.01	0.22075
572.07	0.24308
572.13	0.26655
572.19	0.28521
572.25	0.29335
572.31	0.2899
572.37	0.27964
572.43	0.26942
572.49	0.26434
572.55	0.26656
572.61	0.27556
572.67	0.2884
572.73	0.3002
572.79	0.30603
572.85	0.30315
572.91	0.29163
572.97	0.27388
573.03	0.25394
573.09	0.23587
573.15	0.22216
573.21	0.2136
573.27	0.20981
573.33	0.21003
573.39	0.21372
573.45	0.22065
573.51	0.23068
573.57	0.24369
573.63	0.26014
573.69	0.28131
573.75	0.30896
573.81	0.3449
573.87	0.39044
573.93	0.44509
573.99	0.50506
574.05	0.56296
574.11	0.61053
574.17	0.64243
574.23	0.65733
574.29	0.65807
574.35	0.65253
574.41	0.65065
574.47	0.65806
574.53	0.67233
574.59	0.68456
574.65	0.68574
574.71	0.67285
574.77	0.65028
574.83	0.62714
574.89	0.61294
574.95	0.61343
575.02	0.6288
575.08	0.65318
575.14	0.6745
575.2	0.6774
575.26	0.6525
575.32	0.60436
575.38	0.54744
575.44	0.49556
575.5	0.45638
575.56	0.43178
575.62	0.41936
575.68	0.41316
575.74	0.40474
575.8	0.38704
575.86	0.35907
575.92	0.32596
575.98	0.29421
576.04	0.26809
576.1	0.24929
576.16	0.23782
576.22	0.23261
576.28	0.23156
576.34	0.23148
576.4	0.22907
576.46	0.22297
576.52	0.2148
576.58	0.2077
576.64	0.20439
576.7	0.2065
576.76	0.21471
576.82	0.22891
576.88	0.24779
576.94	0.26844
577	0.28693
577.06	0.30083
577.12	0.31131
577.18	0.32138
577.24	0.33164
577.3	0.33793
577.36	0.33341
577.42	0.31421
577.48	0.28315
577.54	0.24732
577.6	0.21303
577.66	0.18362
577.72	0.15993
577.78	0.14162
577.84	0.12799
577.9	0.11837
577.96	0.11226
578.02	0.10931
578.08	0.10925
578.14	0.11163
578.2	0.11546
578.26	0.1189
578.32	0.1195
578.38	0.11559
578.44	0.10759
578.5	0.097588
578.56	0.087687
578.62	0.07913
578.68	0.072355
578.74	0.067374
578.8	0.064042
578.86	0.062179
578.92	0.061567
578.98	0.061884
579.04	0.062635
579.1	0.063161
579.16	0.062816
579.22	0.061313
579.28	0.058968
579.34	0.056508
579.4	0.054619
579.46	0.053737
579.52	0.054098
579.58	0.055855
579.64	0.059141
579.7	0.064047
579.76	0.070477
579.82	0.077856
579.88	0.084782
579.94	0.089107
580	0.089008
580.06	0.084408
580.12	0.077018
580.18	0.068975
580.24	0.061739
580.3	0.05595
580.36	0.051739
580.42	0.049028
580.48	0.047699
580.54	0.047652
580.6	0.048801
580.66	0.05102
580.72	0.054035
580.78	0.057306
580.84	0.060062
580.9	0.061717
580.96	0.06236
581.02	0.062613
581.08	0.062976
581.14	0.063482
581.2	0.06399
581.26	0.064677
581.32	0.066041
581.38	0.068387
581.44	0.071327
581.5	0.073661
581.56	0.073882
581.62	0.071143
581.68	0.065808
581.74	0.059088
581.8	0.05227
581.86	0.046213
581.92	0.041277
581.98	0.037492
582.04	0.034738
582.1	0.032836
582.16	0.031588
582.22	0.030805
582.28	0.030378
582.34	0.030315
582.4	0.030692
582.46	0.031541
582.52	0.032779
582.58	0.034209
582.64	0.035586
582.7	0.036671
582.76	0.037214
582.82	0.036952
582.88	0.03579
582.94	0.034009
583	0.032137
583.06	0.030623
583.12	0.029649
583.18	0.029134
583.24	0.028808
583.3	0.028372
583.36	0.027695
583.42	0.026876
583.48	0.026087
583.54	0.025401
583.6	0.024795
583.66	0.024284
583.72	0.023973
583.78	0.02399
583.84	0.024373
583.9	0.025022
583.96	0.025715
584.02	0.026191
584.08	0.026312
584.14	0.026179
584.2	0.026069
584.26	0.026244
584.32	0.026813
584.38	0.027723
584.44	0.028852
584.5	0.030122
584.56	0.03152
584.62	0.033005
584.68	0.034417
584.74	0.035502
584.8	0.036095
584.86	0.036335
584.92	0.036574
584.98	0.037066
585.05	0.037751
585.11	0.038327
585.17	0.038533
585.23	0.038427
585.29	0.038374
585.35	0.038732
585.41	0.039531
585.47	0.04034
585.53	0.040464
585.59	0.03945
585.65	0.037448
585.71	0.035005
585.77	0.032603
585.83	0.030483
585.89	0.028735
585.95	0.027429
586.01	0.026641
586.07	0.026409
586.13	0.026676
586.19	0.027291
586.25	0.028033
586.31	0.028623
586.37	0.028765
586.43	0.028314
586.49	0.027393
586.55	0.026331
586.61	0.025493
586.67	0.025148
586.73	0.025414
586.79	0.026225
586.85	0.027289
586.91	0.028108
586.97	0.028193
587.03	0.027418
587.09	0.026114
587.15	0.024773
587.21	0.023735
587.27	0.023109
587.33	0.022815
587.39	0.022653
587.45	0.022386
587.51	0.021825
587.57	0.020911
587.63	0.019766
587.69	0.018595
587.75	0.017556
587.81	0.016716
587.87	0.016105
587.93	0.015754
587.99	0.015697
588.05	0.01596
588.11	0.016541
588.17	0.01737
588.23	0.018263
588.29	0.01897
588.35	0.019317
588.41	0.019317
588.47	0.019088
588.53	0.018684
588.59	0.018086
588.65	0.017322
588.71	0.016509
588.77	0.015761
588.83	0.015101
588.89	0.014479
588.95	0.013848
589.01	0.013203
589.07	0.012581
589.13	0.012032
589.19	0.011577
589.25	0.01122
589.31	0.010966
589.37	0.010837
589.43	0.01086
589.49	0.011041
589.55	0.011348
589.61	0.011703
589.67	0.012004
589.73	0.012191
589.79	0.012295
589.85	0.012428
589.91	0.012711
589.97	0.013216
590.03	0.01395
590.09	0.014871
590.15	0.015924
590.21	0.017093
590.27	0.018421
590.33	0.019916
590.39	0.021435
590.45	0.022639
590.51	0.023131
590.57	0.02273
590.63	0.02163
590.69	0.020266
590.75	0.019057
590.81	0.018264
590.87	0.018003
590.93	0.018313
590.99	0.0192
591.05	0.020652
591.11	0.022625
591.17	0.025045
591.23	0.027793
591.29	0.030675
591.35	0.033328
591.41	0.03517
591.47	0.035586
591.53	0.034311
591.59	0.031699
591.65	0.028505
591.71	0.025398
591.77	0.022695
591.83	0.020433
591.89	0.01854
591.95	0.016948
592.01	0.015623
592.07	0.014571
592.13	0.013818
592.19	0.01338
592.25	0.013242
592.31	0.013341
592.37	0.013563
592.43	0.013772
592.49	0.013901
592.55	0.013995
592.61	0.01415
592.67	0.014418
592.73	0.014775
592.79	0.015156
592.85	0.015458
592.91	0.015533
592.97	0.015251
593.03	0.014601
593.09	0.013726
593.15	0.01284
593.21	0.012126
593.27	0.011694
593.33	0.011584
593.39	0.011785
593.45	0.012226
593.51	0.012759
593.57	0.013166
593.63	0.013246
593.69	0.012945
593.75	0.012393
593.81	0.011769
593.87	0.011169
593.93	0.010597
593.99	0.01004
594.05	0.0095082
594.11	0.0090196
594.17	0.0085776
594.23	0.0081897
594.29	0.0078768
594.35	0.007655
594.41	0.0075206
594.47	0.0074582
594.53	0.0074518
594.59	0.0074806
594.65	0.0075183
594.71	0.007546
594.77	0.0075532
594.83	0.0075165
594.89	0.007401
594.95	0.0072008
595.02	0.0069597
595.08	0.00674
595.14	0.0065898
595.2	0.0065369
595.26	0.0065926
595.32	0.0067516
595.38	0.0069919
595.44	0.0072884
595.5	0.0076365
595.56	0.0080638
595.62	0.0086089
595.68	0.0092908
595.74	0.0101
595.8	0.01102
595.86	0.01204
595.92	0.013126
595.98	0.014125
596.04	0.014749
596.1	0.014735
596.16	0.014078
596.22	0.013052
596.28	0.012
596.34	0.011152
596.4	0.010597
596.46	0.010314
596.52	0.010202
596.58	0.010112
596.64	0.0099177
596.7	0.0096019
596.76	0.0092615
596.82	0.0090218
596.88	0.0089651
596.94	0.0091125
597	0.0094242
597.06	0.0098074
597.12	0.010156
597.18	0.010434
597.24	0.010717
597.3	0.011136
597.36	0.011769
597.42	0.012567
597.48	0.013315
597.54	0.013675
597.6	0.013381
597.66	0.012451
597.72	0.011166
597.78	0.0098391
597.84	0.0086637
597.9	0.0077116
597.96	0.0069848
598.02	0.0064601
598.08	0.006111
598.14	0.0059158
598.2	0.0058589
598.26	0.0059272
598.32	0.0061071
598.38	0.0063787
598.44	0.0067084
598.5	0.0070379
598.56	0.0072963
598.62	0.0074499
598.68	0.0075454
598.74	0.0076826
598.8	0.0079476
598.86	0.0083661
598.92	0.0088857
598.98	0.0093853
599.04	0.0097412
599.1	0.0099323
599.16	0.010068
599.22	0.010286
599.28	0.010632
599.34	0.010997
599.4	0.011151
599.46	0.010889
599.52	0.010199
599.58	0.0092613
599.64	0.0082765
599.7	0.0073509
599.76	0.0065056
599.82	0.0057385
599.88	0.0050575
599.94	0.0044727
600	0.0039843
