540	0.018264
540.06	0.018407
540.12	0.018552
540.18	0.018699
540.24	0.018848
540.3	0.018999
540.36	0.019152
540.42	0.019308
540.48	0.019466
540.54	0.019626
540.6	0.019789
540.66	0.019955
540.72	0.020122
540.78	0.020293
540.84	0.020466
540.9	0.020641
540.96	0.02082
541.02	0.021001
541.08	0.021185
541.14	0.021372
541.2	0.021562
541.26	0.021756
541.32	0.021952
541.38	0.022151
541.44	0.022354
541.5	0.02256
541.56	0.02277
541.62	0.022983
541.68	0.023199
541.74	0.02342
541.8	0.023644
541.86	0.023872
541.92	0.024104
541.98	0.02434
542.04	0.02458
542.1	0.024825
542.16	0.025074
542.22	0.025327
542.28	0.025585
542.34	0.025848
542.4	0.026115
542.46	0.026388
542.52	0.026665
542.58	0.026948
542.64	0.027236
542.7	0.02753
542.76	0.027829
542.82	0.028134
542.88	0.028446
542.94	0.028763
543	0.029086
543.06	0.029417
543.12	0.029753
543.18	0.030097
543.24	0.030448
543.3	0.030806
543.36	0.031171
543.42	0.031545
543.48	0.031926
543.54	0.032315
543.6	0.032713
543.66	0.033119
543.72	0.033535
543.78	0.033959
543.84	0.034394
543.9	0.034838
543.96	0.035292
544.02	0.035756
544.08	0.036232
544.14	0.036718
544.2	0.037217
544.26	0.037727
544.32	0.038249
544.38	0.038784
544.44	0.039333
544.5	0.039895
544.56	0.040471
544.62	0.041062
544.68	0.041668
544.74	0.04229
544.8	0.042928
544.86	0.043583
544.92	0.044255
544.98	0.044946
545.04	0.045655
545.1	0.046385
545.16	0.047134
545.22	0.047905
545.28	0.048698
545.34	0.049514
545.4	0.050354
545.46	0.051219
545.52	0.052109
545.58	0.053027
545.64	0.053973
545.7	0.054948
545.76	0.055955
545.82	0.056993
545.88	0.058065
545.94	0.059172
546	0.060315
546.06	0.061497
546.12	0.06272
546.18	0.063984
546.24	0.065293
546.3	0.066648
546.36	0.068052
546.42	0.069508
546.48	0.071017
546.54	0.072583
546.6	0.074209
546.66	0.075898
546.72	0.077653
546.78	0.079478
546.84	0.081377
546.9	0.083354
546.96	0.085415
547.02	0.087562
547.08	0.089803
547.14	0.092142
547.2	0.094585
547.26	0.097139
547.32	0.099811
547.38	0.10261
547.44	0.10554
547.5	0.10861
547.56	0.11184
547.62	0.11522
547.68	0.11878
547.74	0.12253
547.8	0.12647
547.86	0.13062
547.92	0.135
547.98	0.13962
548.04	0.1445
548.1	0.14966
548.16	0.15512
548.22	0.1609
548.28	0.16701
548.34	0.17349
548.4	0.18036
548.46	0.18765
548.52	0.19537
548.58	0.20356
548.64	0.21224
548.7	0.22143
548.76	0.23116
548.82	0.24144
548.88	0.25228
548.94	0.26369
549	0.27567
549.06	0.28821
549.12	0.30128
549.18	0.31486
549.24	0.32891
549.3	0.34338
549.36	0.35823
549.42	0.3734
549.48	0.38887
549.54	0.40461
549.6	0.42062
549.66	0.43691
549.72	0.4535
549.78	0.47045
549.84	0.4878
549.9	0.50561
549.96	0.52389
550.02	0.54267
550.08	0.56193
550.14	0.58161
550.2	0.60163
550.26	0.62189
550.32	0.64226
550.38	0.66261
550.44	0.68277
550.5	0.70262
550.56	0.722
550.62	0.74078
550.68	0.75882
550.74	0.77599
550.8	0.79216
550.86	0.80721
550.92	0.82102
550.98	0.83349
551.04	0.84454
551.1	0.85412
551.16	0.86221
551.22	0.8688
551.28	0.87391
551.34	0.87758
551.4	0.87985
551.46	0.88078
551.52	0.88043
551.58	0.87887
551.64	0.87617
551.7	0.87241
551.76	0.86769
551.82	0.86209
551.88	0.85572
551.94	0.84869
552	0.84112
552.06	0.83316
552.12	0.82495
552.18	0.81665
552.24	0.80843
552.3	0.80047
552.36	0.79296
552.42	0.78605
552.48	0.77991
552.54	0.77464
552.6	0.77031
552.66	0.76696
552.72	0.76454
552.78	0.76298
552.84	0.76215
552.9	0.76188
552.96	0.762
553.02	0.76233
553.08	0.76268
553.14	0.76288
553.2	0.7628
553.26	0.76232
553.32	0.76133
553.38	0.75975
553.44	0.75751
553.5	0.75455
553.56	0.7508
553.62	0.74622
553.68	0.74073
553.74	0.73428
553.8	0.7268
553.86	0.71825
553.92	0.70858
553.98	0.69776
554.04	0.6858
554.1	0.67274
554.16	0.65864
554.22	0.64361
554.28	0.62781
554.34	0.6114
554.4	0.59457
554.46	0.57751
554.52	0.56041
554.58	0.54342
554.64	0.52667
554.7	0.51027
554.76	0.49428
554.82	0.47872
554.88	0.46361
554.94	0.44892
555	0.43463
555.06	0.42072
555.12	0.40718
555.18	0.39398
555.24	0.38115
555.3	0.3687
555.36	0.35667
555.42	0.34509
555.48	0.334
555.54	0.32343
555.6	0.31344
555.66	0.30403
555.72	0.29524
555.78	0.28707
555.84	0.27952
555.9	0.27261
555.96	0.26632
556.02	0.26065
556.08	0.25558
556.14	0.2511
556.2	0.24721
556.26	0.24388
556.32	0.2411
556.38	0.23886
556.44	0.23715
556.5	0.23595
556.56	0.23525
556.62	0.23503
556.68	0.23528
556.74	0.23598
556.8	0.23711
556.86	0.23864
556.92	0.24055
556.98	0.24279
557.04	0.24534
557.1	0.24815
557.16	0.25118
557.22	0.25439
557.28	0.25773
557.34	0.26119
557.4	0.26473
557.46	0.26833
557.52	0.27199
557.58	0.2757
557.64	0.27948
557.7	0.28333
557.76	0.28725
557.82	0.29125
557.88	0.29533
557.94	0.29949
558	0.30373
558.06	0.30806
558.12	0.31249
558.18	0.31702
558.24	0.32169
558.3	0.32651
558.36	0.33154
558.42	0.33678
558.48	0.34227
558.54	0.34802
558.6	0.35402
558.66	0.36025
558.72	0.36667
558.78	0.37322
558.84	0.3798
558.9	0.38631
558.96	0.39265
559.02	0.39868
559.08	0.40427
559.14	0.40932
559.2	0.41368
559.26	0.41727
559.32	0.42
559.38	0.4218
559.44	0.42264
559.5	0.42252
559.56	0.42145
559.62	0.41948
559.68	0.41668
559.74	0.41311
559.8	0.40886
559.86	0.40401
559.92	0.39864
559.98	0.39281
560.04	0.38661
560.1	0.38009
560.16	0.37331
560.22	0.36633
560.28	0.35922
560.34	0.35205
560.4	0.34486
560.46	0.33774
560.52	0.33074
560.58	0.32393
560.64	0.31736
560.7	0.31108
560.76	0.30515
560.82	0.29958
560.88	0.29442
560.94	0.28968
561	0.28538
561.06	0.28151
561.12	0.27809
561.18	0.2751
561.24	0.27254
561.3	0.27038
561.36	0.2686
561.42	0.26719
561.48	0.26609
561.54	0.2653
561.6	0.26477
561.66	0.26448
561.72	0.26438
561.78	0.26447
561.84	0.2647
561.9	0.26506
561.96	0.2655
562.02	0.266
562.08	0.26652
562.14	0.26703
562.2	0.26751
562.26	0.26791
562.32	0.26823
562.38	0.26846
562.44	0.26859
562.5	0.26865
562.56	0.26865
562.62	0.26862
562.68	0.26859
562.74	0.2686
562.8	0.26866
562.86	0.2688
562.92	0.26904
562.98	0.26938
563.04	0.26984
563.1	0.27042
563.16	0.27113
563.22	0.27198
563.28	0.27297
563.34	0.27413
563.4	0.27548
563.46	0.27702
563.52	0.27878
563.58	0.28077
563.64	0.28301
563.7	0.28551
563.76	0.28828
563.82	0.29134
563.88	0.2947
563.94	0.29837
564	0.30235
564.06	0.30667
564.12	0.31131
564.18	0.31628
564.24	0.32159
564.3	0.32722
564.36	0.33318
564.42	0.33945
564.48	0.34603
564.54	0.35292
564.6	0.36012
564.66	0.36763
564.72	0.37548
564.78	0.38366
564.84	0.39221
564.9	0.40115
564.96	0.4105
565.02	0.42028
565.08	0.43054
565.14	0.4413
565.2	0.4526
565.26	0.46451
565.32	0.47705
565.38	0.49029
565.44	0.50427
565.5	0.51904
565.56	0.53464
565.62	0.5511
565.68	0.56844
565.74	0.58668
565.8	0.6058
565.86	0.6258
565.92	0.64662
565.98	0.66821
566.04	0.69047
566.1	0.71328
566.16	0.73647
566.22	0.75986
566.28	0.78322
566.34	0.80633
566.4	0.82892
566.46	0.85077
566.52	0.87162
566.58	0.89127
566.64	0.90951
566.7	0.92618
566.76	0.94117
566.82	0.95439
566.88	0.96581
566.94	0.97541
567	0.98327
567.06	0.98945
567.12	0.99407
567.18	0.99727
567.24	0.9992
567.3	1
567.36	0.99983
567.42	0.99884
567.48	0.99714
567.54	0.99487
567.6	0.99209
567.66	0.98888
567.72	0.98527
567.78	0.98126
567.84	0.97684
567.9	0.97196
567.96	0.96656
568.02	0.96056
568.08	0.95388
568.14	0.94645
568.2	0.93815
568.26	0.92892
568.32	0.91867
568.38	0.90732
568.44	0.89483
568.5	0.88114
568.56	0.86624
568.62	0.85012
568.68	0.83283
568.74	0.81441
568.8	0.79498
568.86	0.77466
568.92	0.75364
568.98	0.73211
569.04	0.71028
569.1	0.68839
569.16	0.66666
569.22	0.64529
569.28	0.62446
569.34	0.60432
569.4	0.58499
569.46	0.56653
569.52	0.549
569.58	0.5324
569.64	0.51673
569.7	0.50197
569.76	0.48809
569.82	0.47505
569.88	0.46284
569.94	0.45141
570	0.44078
570.06	0.43092
570.12	0.42184
570.18	0.41354
570.24	0.40603
570.3	0.39932
570.36	0.39341
570.42	0.3883
570.48	0.38401
570.54	0.38051
570.6	0.37782
570.66	0.3759
570.72	0.37476
570.78	0.37436
570.84	0.37468
570.9	0.37569
570.96	0.37733
571.02	0.37956
571.08	0.38232
571.14	0.38552
571.2	0.3891
571.26	0.39297
571.32	0.39704
571.38	0.40122
571.44	0.40543
571.5	0.4096
571.56	0.41365
571.62	0.41754
571.68	0.42123
571.74	0.42468
571.8	0.42787
571.86	0.43081
571.92	0.43349
571.98	0.43594
572.04	0.43818
572.1	0.44025
572.16	0.44221
572.22	0.44411
572.28	0.44602
572.34	0.44802
572.4	0.45018
572.46	0.45258
572.52	0.45529
572.58	0.45835
572.64	0.46183
572.7	0.46575
572.76	0.47014
572.82	0.47503
572.88	0.48043
572.94	0.48635
573	0.4928
573.06	0.49979
573.12	0.50733
573.18	0.5154
573.24	0.52401
573.3	0.53314
573.36	0.54278
573.42	0.55292
573.48	0.56353
573.54	0.5746
573.6	0.58611
573.66	0.59801
573.72	0.61025
573.78	0.62278
573.84	0.6355
573.9	0.64831
573.96	0.66108
574.02	0.67367
574.08	0.68592
574.14	0.69768
574.2	0.7088
574.26	0.71912
574.32	0.7285
574.38	0.7368
574.44	0.74389
574.5	0.74967
574.56	0.75406
574.62	0.757
574.68	0.7585
574.74	0.7586
574.8	0.75741
574.86	0.75509
574.92	0.75184
574.98	0.7479
575.04	0.7435
575.1	0.73887
575.16	0.73422
575.22	0.72968
575.28	0.72537
575.34	0.72133
575.4	0.71755
575.46	0.71399
575.52	0.71057
575.58	0.70719
575.64	0.70375
575.7	0.70015
575.76	0.69632
575.82	0.69221
575.88	0.68779
575.94	0.68309
576	0.67814
576.06	0.67302
576.12	0.66783
576.18	0.66267
576.24	0.65763
576.3	0.65282
576.36	0.64829
576.42	0.64408
576.48	0.64021
576.54	0.63664
576.6	0.63331
576.66	0.63014
576.72	0.62702
576.78	0.62386
576.84	0.62054
576.9	0.61695
576.96	0.61301
577.02	0.60864
577.08	0.60377
577.14	0.59838
577.2	0.59245
577.26	0.58599
577.32	0.57903
577.38	0.57162
577.44	0.56381
577.5	0.55566
577.56	0.54721
577.62	0.53852
577.68	0.52959
577.74	0.52044
577.8	0.51106
577.86	0.50145
577.92	0.49159
577.98	0.48148
578.04	0.47113
578.1	0.46059
578.16	0.44989
578.22	0.4391
578.28	0.42832
578.34	0.41761
578.4	0.40707
578.46	0.39676
578.52	0.38675
578.58	0.3771
578.64	0.36782
578.7	0.35896
578.76	0.3505
578.82	0.34247
578.88	0.33485
578.94	0.32763
579	0.32079
579.06	0.3143
579.12	0.30813
579.18	0.30225
579.24	0.2966
579.3	0.29115
579.36	0.28584
579.42	0.28064
579.48	0.27551
579.54	0.27044
579.6	0.2654
579.66	0.26039
579.72	0.25542
579.78	0.25049
579.84	0.24562
579.9	0.24081
579.96	0.23609
580.02	0.23147
580.08	0.22696
580.14	0.2226
580.2	0.21839
580.26	0.21436
580.32	0.21051
580.38	0.20687
580.44	0.20343
580.5	0.20019
580.56	0.19714
580.62	0.19428
580.68	0.19158
580.74	0.18902
580.8	0.18658
580.86	0.18425
580.92	0.18201
580.98	0.17985
581.04	0.17778
581.1	0.17579
581.16	0.17389
581.22	0.17207
581.28	0.17035
581.34	0.16872
581.4	0.16715
581.46	0.16564
581.52	0.16417
581.58	0.1627
581.64	0.16122
581.7	0.1597
581.76	0.15813
581.82	0.15648
581.88	0.15477
581.94	0.15299
582	0.15116
582.06	0.1493
582.12	0.14742
582.18	0.14554
582.24	0.14367
582.3	0.14184
582.36	0.14006
582.42	0.13832
582.48	0.13664
582.54	0.13502
582.6	0.13346
582.66	0.13198
582.72	0.13058
582.78	0.12925
582.84	0.12801
582.9	0.12685
582.96	0.12577
583.02	0.12475
583.08	0.1238
583.14	0.12289
583.2	0.12201
583.26	0.12115
583.32	0.1203
583.38	0.11944
583.44	0.11858
583.5	0.11772
583.56	0.11686
583.62	0.11602
583.68	0.11521
583.74	0.11444
583.8	0.11373
583.86	0.11308
583.92	0.1125
583.98	0.11198
584.04	0.11151
584.1	0.11108
584.16	0.11068
584.22	0.1103
584.28	0.10991
584.34	0.10952
584.4	0.10911
584.46	0.10868
584.52	0.10823
584.58	0.10777
584.64	0.10731
584.7	0.10684
584.76	0.10638
584.82	0.10591
584.88	0.10544
584.94	0.10496
585	0.10445
585.06	0.10391
585.12	0.10332
585.18	0.10268
585.24	0.10198
585.3	0.10123
585.36	0.10044
585.42	0.099609
585.48	0.098763
585.54	0.097916
585.6	0.097081
585.66	0.096272
585.72	0.095497
585.78	0.09476
585.84	0.09406
585.9	0.093394
585.96	0.092753
586.02	0.092131
586.08	0.091518
586.14	0.09091
586.2	0.090303
586.26	0.089696
586.32	0.089093
586.38	0.088498
586.44	0.087918
586.5	0.087359
586.56	0.086825
586.62	0.086319
586.68	0.085839
586.74	0.085379
586.8	0.084932
586.86	0.084486
586.92	0.084028
586.98	0.083548
587.04	0.083034
587.1	0.082482
587.16	0.081889
587.22	0.081258
587.28	0.080595
587.34	0.07991
587.4	0.079213
587.46	0.078516
587.52	0.077829
587.58	0.077157
587.64	0.076505
587.7	0.075874
587.76	0.075263
587.82	0.074667
587.88	0.074082
587.94	0.073504
588	0.072928
588.06	0.072353
588.12	0.071777
588.18	0.071202
588.24	0.070629
588.3	0.070061
588.36	0.0695
588.42	0.068948
588.48	0.068405
588.54	0.067869
588.6	0.067341
588.66	0.066816
588.72	0.066293
588.78	0.065772
588.84	0.065253
588.9	0.06474
588.96	0.064238
589.02	0.063754
589.08	0.063297
589.14	0.062874
589.2	0.062494
589.26	0.062162
589.32	0.061882
589.38	0.061654
589.44	0.061474
589.5	0.061337
589.56	0.061232
589.62	0.061147
589.68	0.06107
589.74	0.060986
589.8	0.060885
589.86	0.060755
589.92	0.060591
589.98	0.060389
590.04	0.060149
590.1	0.059875
590.16	0.059574
590.22	0.059252
590.28	0.058914
590.34	0.058566
590.4	0.058211
590.46	0.057849
590.52	0.057479
590.58	0.057097
590.64	0.0567
590.7	0.056285
590.76	0.055849
590.82	0.055394
590.88	0.054922
590.94	0.054438
591	0.053949
591.06	0.053465
591.12	0.052993
591.18	0.052541
591.24	0.052115
591.3	0.05172
591.36	0.051357
591.42	0.051024
591.48	0.05072
591.54	0.050439
591.6	0.050177
591.66	0.049927
591.72	0.049685
591.78	0.049449
591.84	0.049216
591.9	0.048986
591.96	0.048762
592.02	0.048545
592.08	0.048339
592.14	0.048145
592.2	0.047966
592.26	0.047799
592.32	0.047644
592.38	0.047494
592.44	0.047346
592.5	0.047191
592.56	0.047025
592.62	0.046843
592.68	0.046639
592.74	0.046414
592.8	0.04617
592.86	0.045908
592.92	0.045634
592.98	0.045354
593.04	0.045073
593.1	0.044796
593.16	0.044525
593.22	0.04426
593.28	0.044001
593.34	0.043744
593.4	0.043484
593.46	0.043216
593.52	0.042936
593.58	0.04264
593.64	0.042327
593.7	0.041997
593.76	0.041654
593.82	0.041302
593.88	0.040949
593.94	0.040601
594	0.040266
594.06	0.039949
594.12	0.039656
594.18	0.03939
594.24	0.039151
594.3	0.038938
594.36	0.03875
594.42	0.038581
594.48	0.038428
594.54	0.038286
594.6	0.038152
594.66	0.038022
594.72	0.037895
594.78	0.037771
594.84	0.037651
594.9	0.037538
594.96	0.037433
595.02	0.037339
595.08	0.037256
595.14	0.037186
595.2	0.037126
595.26	0.037074
595.32	0.037026
595.38	0.036977
595.44	0.036924
595.5	0.036863
595.56	0.036792
595.62	0.03671
595.68	0.036618
595.74	0.036519
595.8	0.036417
595.86	0.036317
595.92	0.036223
595.98	0.036139
596.04	0.036067
596.1	0.036008
596.16	0.035959
596.22	0.035918
596.28	0.035878
596.34	0.035835
596.4	0.03578
596.46	0.035707
596.52	0.035612
596.58	0.03549
596.64	0.035342
596.7	0.035168
596.76	0.034971
596.82	0.034759
596.88	0.034537
596.94	0.034314
597	0.034094
597.06	0.033886
597.12	0.033692
597.18	0.033515
597.24	0.033355
597.3	0.03321
597.36	0.033074
597.42	0.032942
597.48	0.032807
597.54	0.032661
597.6	0.032497
597.66	0.032309
597.72	0.032094
597.78	0.031848
597.84	0.031574
597.9	0.031274
597.96	0.030955
598.02	0.030623
598.08	0.030286
598.14	0.029953
598.2	0.029632
598.26	0.02933
598.32	0.029052
598.38	0.028804
598.44	0.028587
598.5	0.028402
598.56	0.02825
598.62	0.028126
598.68	0.028029
598.74	0.027953
598.8	0.027894
598.86	0.027845
598.92	0.0278
598.98	0.027754
599.04	0.027701
599.1	0.027636
599.16	0.027556
599.22	0.027456
599.28	0.027334
599.34	0.027188
599.4	0.027017
599.46	0.026822
599.52	0.026604
599.58	0.026366
599.64	0.026114
599.7	0.025853
599.76	0.025589
599.82	0.025328
599.88	0.025079
599.94	0.024848
600	0.024642
