540	0.016115	0.017182
540.06	0.016256	0.017327
540.12	0.0164	0.017474
540.18	0.016546	0.017623
540.24	0.016694	0.017775
540.3	0.016845	0.017929
540.36	0.016997	0.018085
540.42	0.017152	0.018243
540.48	0.017309	0.018404
540.54	0.017469	0.018568
540.6	0.017631	0.018734
540.66	0.017795	0.018902
540.72	0.017963	0.019074
540.78	0.018132	0.019247
540.84	0.018305	0.019424
540.9	0.01848	0.019604
540.96	0.018658	0.019786
541.02	0.018839	0.019971
541.08	0.019023	0.02016
541.14	0.01921	0.020351
541.2	0.0194	0.020546
541.26	0.019593	0.020743
541.32	0.019789	0.020945
541.38	0.019989	0.021149
541.44	0.020192	0.021357
541.5	0.020398	0.021569
541.56	0.020608	0.021784
541.62	0.020821	0.022003
541.68	0.021039	0.022225
541.74	0.02126	0.022452
541.8	0.021485	0.022683
541.86	0.021714	0.022917
541.92	0.021947	0.023156
541.98	0.022184	0.0234
542.04	0.022426	0.023647
542.1	0.022672	0.0239
542.16	0.022922	0.024157
542.22	0.023178	0.024418
542.28	0.023437	0.024685
542.34	0.023702	0.024957
542.4	0.023972	0.025233
542.46	0.024247	0.025516
542.52	0.024528	0.025803
542.58	0.024814	0.026096
542.64	0.025105	0.026395
542.7	0.025402	0.0267
542.76	0.025705	0.027011
542.82	0.026014	0.027328
542.88	0.02633	0.027652
542.94	0.026652	0.027982
543	0.02698	0.028319
543.06	0.027315	0.028664
543.12	0.027658	0.029015
543.18	0.028007	0.029374
543.24	0.028364	0.02974
543.3	0.028729	0.030114
543.36	0.029101	0.030497
543.42	0.029482	0.030887
543.48	0.029871	0.031287
543.54	0.030269	0.031695
543.6	0.030675	0.032113
543.66	0.031091	0.03254
543.72	0.031517	0.032976
543.78	0.031952	0.033423
543.84	0.032397	0.033881
543.9	0.032853	0.034349
543.96	0.033319	0.034828
544.02	0.033797	0.035318
544.08	0.034286	0.035821
544.14	0.034787	0.036336
544.2	0.035301	0.036863
544.26	0.035827	0.037404
544.32	0.036367	0.037958
544.38	0.03692	0.038527
544.44	0.037488	0.03911
544.5	0.03807	0.039708
544.56	0.038668	0.040322
544.62	0.039281	0.040952
544.68	0.039911	0.0416
544.74	0.040557	0.042264
544.8	0.041222	0.042947
544.86	0.041905	0.043649
544.92	0.042607	0.044371
544.98	0.043329	0.045113
545.05	0.044071	0.045876
545.11	0.044835	0.046661
545.17	0.045621	0.047469
545.23	0.046431	0.048302
545.29	0.047265	0.049159
545.35	0.048124	0.050043
545.41	0.04901	0.050953
545.47	0.049923	0.051892
545.53	0.050865	0.052861
545.59	0.051836	0.05386
545.65	0.05284	0.054892
545.71	0.053876	0.055958
545.77	0.054946	0.057058
545.83	0.056052	0.058196
545.89	0.057196	0.059373
545.95	0.05838	0.06059
546.01	0.059604	0.06185
546.07	0.060872	0.063155
546.13	0.062186	0.064506
546.19	0.063548	0.065907
546.25	0.06496	0.06736
546.31	0.066424	0.068867
546.37	0.067945	0.070432
546.43	0.069524	0.072057
546.49	0.071165	0.073746
546.55	0.072872	0.075503
546.61	0.074648	0.07733
546.67	0.076496	0.079233
546.73	0.078422	0.081215
546.79	0.080429	0.083281
546.85	0.082522	0.085436
546.91	0.084707	0.087685
546.97	0.08699	0.090035
547.03	0.089375	0.092491
547.09	0.09187	0.09506
547.15	0.094482	0.09775
547.21	0.097218	0.10057
547.27	0.10009	0.10352
547.33	0.1031	0.10662
547.39	0.10626	0.10987
547.45	0.10958	0.11329
547.51	0.11307	0.11689
547.57	0.11675	0.12068
547.63	0.12062	0.12467
547.69	0.12471	0.12888
547.75	0.12902	0.13332
547.81	0.13357	0.13801
547.87	0.13838	0.14297
547.93	0.14348	0.14822
547.99	0.14887	0.15377
548.05	0.15459	0.15966
548.11	0.16065	0.16591
548.17	0.16708	0.17253
548.23	0.1739	0.17957
548.29	0.18116	0.18704
548.35	0.18886	0.19498
548.41	0.19705	0.20342
548.47	0.20575	0.21239
548.53	0.215	0.22192
548.59	0.22481	0.23203
548.65	0.23522	0.24276
548.71	0.24624	0.25412
548.77	0.2579	0.26614
548.83	0.2702	0.27881
548.89	0.28313	0.29214
548.95	0.29668	0.30611
549.01	0.31082	0.32068
549.07	0.32549	0.3358
549.13	0.34062	0.3514
549.19	0.35613	0.36738
549.25	0.37191	0.38364
549.31	0.38783	0.40005
549.37	0.40378	0.41648
549.43	0.41963	0.43281
549.49	0.43527	0.44893
549.55	0.45063	0.46474
549.61	0.46566	0.48022
549.67	0.48036	0.49534
549.73	0.49475	0.51014
549.79	0.5089	0.5247
549.85	0.52291	0.53911
549.91	0.53688	0.55348
549.97	0.5509	0.5679
550.03	0.56507	0.58247
550.09	0.57944	0.59724
550.15	0.59403	0.61224
550.21	0.60883	0.62746
550.27	0.62381	0.64286
550.33	0.63891	0.65838
550.39	0.65405	0.67393
550.45	0.66914	0.68942
550.51	0.68407	0.70476
550.57	0.69875	0.71982
550.63	0.71304	0.7345
550.69	0.72684	0.74865
550.75	0.73999	0.76215
550.81	0.75236	0.77485
550.87	0.76382	0.78661
550.93	0.77423	0.79729
550.99	0.7835	0.80678
551.05	0.79155	0.81502
551.11	0.79834	0.82197
551.17	0.80388	0.82762
551.23	0.80821	0.83201
551.29	0.81137	0.8352
551.35	0.81346	0.83729
551.41	0.81457	0.83837
551.47	0.81482	0.83857
551.53	0.81433	0.83801
551.59	0.81325	0.83683
551.65	0.81171	0.83519
551.71	0.80986	0.83321
551.77	0.80782	0.83105
551.83	0.80573	0.82882
551.89	0.80368	0.82664
551.95	0.80178	0.82461
552.01	0.80008	0.82279
552.07	0.79867	0.82127
552.13	0.79761	0.82012
552.19	0.79698	0.81941
552.25	0.79686	0.81922
552.31	0.79733	0.81964
552.37	0.79848	0.82074
552.43	0.80037	0.82259
552.49	0.80301	0.82522
552.55	0.80639	0.8286
552.61	0.81044	0.83268
552.67	0.81503	0.83732
552.73	0.81996	0.84232
552.79	0.825	0.84743
552.85	0.82984	0.85235
552.91	0.83414	0.85671
552.97	0.83752	0.86014
553.03	0.83961	0.86224
553.09	0.84001	0.86259
553.15	0.83834	0.86084
553.21	0.83427	0.85662
553.27	0.82753	0.84967
553.33	0.81793	0.83978
553.39	0.80537	0.82687
553.45	0.78989	0.81096
553.51	0.7716	0.79218
553.57	0.75078	0.77079
553.63	0.72775	0.74714
553.69	0.70292	0.72165
553.75	0.67675	0.69477
553.81	0.64969	0.66698
553.87	0.62217	0.63872
553.93	0.59461	0.61042
553.99	0.56734	0.58243
554.05	0.54067	0.55505
554.11	0.51483	0.52852
554.17	0.48998	0.50301
554.23	0.46625	0.47865
554.29	0.44371	0.45551
554.35	0.4224	0.43364
554.41	0.40233	0.41304
554.47	0.38349	0.3937
554.53	0.36584	0.37558
554.59	0.34934	0.35865
554.65	0.33394	0.34284
554.71	0.31959	0.3281
554.77	0.30622	0.31438
554.83	0.29378	0.3016
554.89	0.28221	0.28972
554.95	0.27146	0.27867
555.02	0.26146	0.26841
555.08	0.25218	0.25887
555.14	0.24357	0.25002
555.2	0.23557	0.24181
555.26	0.22816	0.23419
555.32	0.2213	0.22713
555.38	0.21494	0.2206
555.44	0.20906	0.21455
555.5	0.20364	0.20897
555.56	0.19864	0.20382
555.62	0.19405	0.19909
555.68	0.18984	0.19475
555.74	0.18599	0.19079
555.8	0.18249	0.18718
555.86	0.17932	0.18391
555.92	0.17648	0.18097
555.98	0.17395	0.17835
556.04	0.17172	0.17604
556.1	0.16978	0.17403
556.16	0.16814	0.17232
556.22	0.16678	0.1709
556.28	0.16571	0.16977
556.34	0.16492	0.16893
556.4	0.16441	0.16838
556.46	0.16419	0.16812
556.52	0.16426	0.16816
556.58	0.16462	0.16849
556.64	0.16527	0.16913
556.7	0.16624	0.17008
556.76	0.16752	0.17135
556.82	0.16912	0.17295
556.88	0.17105	0.17489
556.94	0.17332	0.17717
557	0.17594	0.17981
557.06	0.17891	0.18281
557.12	0.18225	0.18617
557.18	0.18594	0.1899
557.24	0.18999	0.194
557.3	0.1944	0.19846
557.36	0.19915	0.20326
557.42	0.20421	0.20838
557.48	0.20956	0.2138
557.54	0.21515	0.21945
557.6	0.22092	0.2253
557.66	0.22681	0.23126
557.72	0.23274	0.23726
557.78	0.23861	0.2432
557.84	0.24432	0.24898
557.9	0.24977	0.2545
557.96	0.25486	0.25966
558.02	0.25951	0.26435
558.08	0.26363	0.26852
558.14	0.26718	0.27211
558.2	0.27015	0.27511
558.26	0.27253	0.2775
558.32	0.27435	0.27934
558.38	0.27567	0.28065
558.44	0.27654	0.2815
558.5	0.27701	0.28196
558.56	0.27715	0.28207
558.62	0.27699	0.28189
558.68	0.27659	0.28145
558.74	0.27596	0.28078
558.8	0.27514	0.27992
558.86	0.27416	0.2789
558.92	0.27305	0.27774
558.98	0.27186	0.2765
559.04	0.27064	0.27523
559.1	0.26944	0.27398
559.16	0.26834	0.27283
559.22	0.2674	0.27184
559.28	0.26668	0.27108
559.34	0.26624	0.2706
559.4	0.26611	0.27045
559.46	0.26633	0.27065
559.52	0.2669	0.27121
559.58	0.26782	0.27212
559.64	0.26906	0.27336
559.7	0.2706	0.27488
559.76	0.27237	0.27664
559.82	0.27433	0.27858
559.88	0.27639	0.28062
559.94	0.2785	0.2827
560	0.28057	0.28476
560.06	0.28254	0.28672
560.12	0.28435	0.28852
560.18	0.28595	0.29013
560.24	0.28731	0.29148
560.3	0.28838	0.29255
560.36	0.28914	0.29331
560.42	0.28958	0.29374
560.48	0.28966	0.2938
560.54	0.28938	0.29348
560.6	0.28871	0.29277
560.66	0.28764	0.29164
560.72	0.28617	0.29011
560.78	0.28429	0.28817
560.84	0.28203	0.28585
560.9	0.27942	0.28318
560.96	0.2765	0.2802
561.02	0.27333	0.27697
561.08	0.26998	0.27355
561.14	0.2665	0.27002
561.2	0.26296	0.26642
561.26	0.25942	0.26281
561.32	0.25592	0.25925
561.38	0.25251	0.25576
561.44	0.24919	0.25239
561.5	0.246	0.24914
561.56	0.24294	0.24602
561.62	0.24003	0.24305
561.68	0.23725	0.24022
561.74	0.2346	0.23753
561.8	0.23209	0.23496
561.86	0.22969	0.23251
561.92	0.22741	0.23016
561.98	0.22521	0.22791
562.04	0.22309	0.22573
562.1	0.22102	0.22361
562.16	0.21901	0.22154
562.22	0.21703	0.21951
562.28	0.21509	0.21752
562.34	0.21318	0.21556
562.4	0.2113	0.21364
562.46	0.20947	0.21176
562.52	0.2077	0.20994
562.58	0.20599	0.20818
562.64	0.20436	0.2065
562.7	0.20283	0.20493
562.76	0.20141	0.20346
562.82	0.20013	0.20213
562.88	0.199	0.20096
562.94	0.19804	0.19995
563	0.19727	0.19914
563.06	0.19671	0.19855
563.12	0.19638	0.19818
563.18	0.19629	0.19806
563.24	0.19646	0.1982
563.3	0.19691	0.19862
563.36	0.19763	0.19932
563.42	0.19864	0.20032
563.48	0.19996	0.20161
563.54	0.20157	0.20321
563.6	0.2035	0.20512
563.66	0.20573	0.20734
563.72	0.20828	0.20987
563.78	0.21114	0.21271
563.84	0.21432	0.21588
563.9	0.21782	0.21936
563.96	0.22163	0.22316
564.02	0.22577	0.22729
564.08	0.23023	0.23174
564.14	0.23502	0.23652
564.2	0.24014	0.24163
564.26	0.24559	0.24707
564.32	0.25137	0.25285
564.38	0.25751	0.25898
564.44	0.264	0.26546
564.5	0.27085	0.2723
564.56	0.2781	0.27953
564.62	0.28575	0.28717
564.68	0.29385	0.29525
564.74	0.30241	0.30379
564.8	0.31148	0.31285
564.86	0.32112	0.32248
564.92	0.33136	0.33272
564.98	0.34228	0.34363
565.05	0.35393	0.35528
565.11	0.36637	0.36772
565.17	0.37968	0.38103
565.23	0.39391	0.39526
565.29	0.40911	0.41047
565.35	0.42533	0.4267
565.41	0.44262	0.44399
565.47	0.46098	0.46237
565.53	0.48042	0.48182
565.59	0.50092	0.50234
565.65	0.52241	0.52385
565.71	0.54481	0.54627
565.77	0.56798	0.56946
565.83	0.59173	0.59322
565.89	0.61583	0.61732
565.95	0.63996	0.64146
566.01	0.66381	0.6653
566.07	0.68698	0.68847
566.13	0.70909	0.71058
566.19	0.72974	0.73122
566.25	0.7486	0.75007
566.31	0.7654	0.76686
566.37	0.77996	0.7814
566.43	0.79224	0.79366
566.49	0.80233	0.80372
566.55	0.81045	0.81181
566.61	0.81692	0.81824
566.67	0.82216	0.82344
566.73	0.82665	0.82788
566.79	0.83085	0.83202
566.85	0.83524	0.83633
566.91	0.84022	0.84122
566.97	0.84613	0.84704
567.03	0.85322	0.85404
567.09	0.86164	0.86238
567.15	0.87145	0.87211
567.21	0.8826	0.88319
567.27	0.89493	0.89546
567.33	0.9082	0.90867
567.39	0.92207	0.9225
567.45	0.93614	0.93652
567.51	0.94994	0.95028
567.57	0.96299	0.96327
567.63	0.97476	0.97498
567.69	0.98475	0.98492
567.75	0.99253	0.99264
567.81	0.9977	0.99776
567.87	1	1
567.93	0.99927	0.99921
567.99	0.99548	0.99536
568.05	0.98875	0.98859
568.11	0.97934	0.97913
568.17	0.9676	0.96734
568.23	0.95397	0.95367
568.29	0.93894	0.9386
568.35	0.92301	0.92263
568.41	0.90663	0.90621
568.47	0.89022	0.88976
568.53	0.87411	0.87361
568.59	0.85852	0.85798
568.65	0.8436	0.84302
568.71	0.82939	0.82875
568.77	0.81582	0.81514
568.83	0.80277	0.80205
568.89	0.79006	0.78931
568.95	0.77747	0.77668
569.01	0.76476	0.76394
569.07	0.7517	0.75085
569.13	0.73807	0.7372
569.19	0.7237	0.72281
569.25	0.70848	0.70758
569.31	0.69234	0.69143
569.37	0.67527	0.67436
569.43	0.65733	0.65641
569.49	0.63861	0.6377
569.55	0.61926	0.61837
569.61	0.59947	0.59859
569.67	0.57944	0.57857
569.73	0.55937	0.55851
569.79	0.53947	0.53863
569.85	0.51993	0.51912
569.91	0.50093	0.50014
569.97	0.48261	0.48184
570.03	0.46509	0.46434
570.09	0.44846	0.44772
570.15	0.43278	0.43205
570.21	0.41808	0.41736
570.27	0.40438	0.40367
570.33	0.39168	0.39097
570.39	0.37997	0.37926
570.45	0.36922	0.3685
570.51	0.3594	0.35867
570.57	0.35048	0.34974
570.63	0.34241	0.34165
570.69	0.33516	0.33439
570.75	0.3287	0.32791
570.81	0.32299	0.32217
570.87	0.318	0.31715
570.93	0.3137	0.31283
570.99	0.31008	0.30917
571.05	0.30711	0.30617
571.11	0.30479	0.30381
571.17	0.30311	0.30209
571.23	0.30206	0.30099
571.29	0.30165	0.30053
571.35	0.30186	0.30068
571.41	0.3027	0.30147
571.47	0.30419	0.30289
571.53	0.30631	0.30494
571.59	0.30907	0.30763
571.65	0.31249	0.31097
571.71	0.31657	0.31497
571.77	0.32132	0.31963
571.83	0.32674	0.32496
571.89	0.33286	0.33097
571.95	0.33967	0.33768
572.01	0.34719	0.34508
572.07	0.35543	0.3532
572.13	0.36438	0.36202
572.19	0.37404	0.37155
572.25	0.38439	0.38176
572.31	0.3954	0.39263
572.37	0.40704	0.40411
572.43	0.41923	0.41614
572.49	0.43191	0.42866
572.55	0.44499	0.44158
572.61	0.45839	0.45481
572.67	0.47203	0.46826
572.73	0.48582	0.48188
572.79	0.49972	0.4956
572.85	0.51372	0.50941
572.91	0.52782	0.52332
572.97	0.54208	0.53738
573.03	0.5566	0.55169
573.09	0.57148	0.56636
573.15	0.58685	0.58151
573.21	0.60284	0.59727
573.27	0.61955	0.61374
573.33	0.63706	0.63099
573.39	0.65538	0.64906
573.45	0.6745	0.66792
573.51	0.69433	0.68748
573.57	0.71472	0.7076
573.63	0.73547	0.72808
573.69	0.75633	0.74868
573.75	0.77703	0.76912
573.81	0.79729	0.78912
573.87	0.81681	0.80838
573.93	0.83534	0.82666
573.99	0.85265	0.84372
574.05	0.86855	0.85937
574.11	0.88289	0.87349
574.17	0.89556	0.88594
574.23	0.90646	0.89666
574.29	0.91552	0.90556
574.35	0.92266	0.91257
574.41	0.9278	0.91761
574.47	0.93086	0.9206
574.53	0.93177	0.92146
574.59	0.93045	0.92011
574.65	0.92683	0.91648
574.71	0.9209	0.91055
574.77	0.91266	0.90233
574.83	0.90216	0.8919
574.89	0.88954	0.87937
574.95	0.87497	0.86494
575.02	0.8587	0.84885
575.08	0.84103	0.83139
575.14	0.82229	0.81289
575.2	0.80282	0.79367
575.26	0.78298	0.77407
575.32	0.76308	0.75441
575.38	0.74342	0.73495
575.44	0.72423	0.71596
575.5	0.70571	0.6976
575.56	0.68798	0.68001
575.62	0.67112	0.66327
575.68	0.65512	0.6474
575.74	0.63998	0.63237
575.8	0.6256	0.61811
575.86	0.6119	0.60455
575.92	0.59877	0.59156
575.98	0.5861	0.57903
576.04	0.57378	0.56688
576.1	0.56175	0.55501
576.16	0.54992	0.54335
576.22	0.53827	0.53185
576.28	0.52675	0.52048
576.34	0.51536	0.50921
576.4	0.50407	0.49804
576.46	0.49289	0.48696
576.52	0.4818	0.47596
576.58	0.47082	0.46507
576.64	0.45997	0.45429
576.7	0.44926	0.44367
576.76	0.43875	0.43325
576.82	0.42849	0.42311
576.88	0.41857	0.4133
576.94	0.40905	0.40391
577	0.40004	0.39502
577.06	0.39159	0.38671
577.12	0.38379	0.37904
577.18	0.3767	0.37206
577.24	0.37034	0.3658
577.3	0.36474	0.36028
577.36	0.35989	0.3555
577.42	0.35576	0.35141
577.48	0.35231	0.34797
577.54	0.34946	0.3451
577.6	0.34711	0.34272
577.66	0.34517	0.34073
577.72	0.3435	0.339
577.78	0.34198	0.33742
577.84	0.34048	0.33587
577.9	0.33889	0.33424
577.96	0.3371	0.33243
578.02	0.33504	0.33035
578.08	0.33263	0.32796
578.14	0.32984	0.32521
578.2	0.32666	0.32209
578.26	0.32309	0.31861
578.32	0.31915	0.31476
578.38	0.31486	0.31056
578.44	0.31024	0.30604
578.5	0.30532	0.30121
578.56	0.30012	0.29609
578.62	0.29463	0.29068
578.68	0.28888	0.28499
578.74	0.28287	0.27903
578.8	0.27658	0.2728
578.86	0.27004	0.26632
578.92	0.26325	0.2596
578.98	0.25624	0.25268
579.04	0.24905	0.24558
579.1	0.24172	0.23837
579.16	0.23431	0.23108
579.22	0.22688	0.22379
579.28	0.2195	0.21654
579.34	0.21223	0.20941
579.4	0.20514	0.20245
579.46	0.19827	0.1957
579.52	0.19166	0.18922
579.58	0.18535	0.18302
579.64	0.17937	0.17713
579.7	0.17372	0.17158
579.76	0.16842	0.16637
579.82	0.16346	0.1615
579.88	0.15885	0.15696
579.94	0.15457	0.15276
580	0.15062	0.14888
580.06	0.14698	0.1453
580.12	0.14364	0.14201
580.18	0.14059	0.139
580.24	0.1378	0.13625
580.3	0.13525	0.13374
580.36	0.13293	0.13144
580.42	0.13081	0.12934
580.48	0.12887	0.12742
580.54	0.12709	0.12565
580.6	0.12544	0.12402
580.66	0.1239	0.12249
580.72	0.12245	0.12105
580.78	0.12107	0.11968
580.84	0.11972	0.11835
580.9	0.11841	0.11704
580.96	0.1171	0.11575
581.02	0.11579	0.11445
581.08	0.11447	0.11314
581.14	0.11314	0.11182
581.2	0.1118	0.11049
581.26	0.11045	0.10916
581.32	0.10911	0.10783
581.38	0.1078	0.10653
581.44	0.10652	0.10526
581.5	0.10529	0.10404
581.56	0.10413	0.10288
581.62	0.10303	0.10179
581.68	0.10202	0.10078
581.74	0.10108	0.099843
581.8	0.10022	0.098988
581.86	0.099436	0.098209
581.92	0.098719	0.097498
581.98	0.098062	0.096848
582.04	0.097457	0.096252
582.1	0.096898	0.095703
582.16	0.09638	0.095197
582.22	0.095904	0.094731
582.28	0.09547	0.094306
582.34	0.095082	0.093926
582.4	0.094748	0.093597
582.46	0.094476	0.093325
582.52	0.094273	0.09312
582.58	0.094148	0.09299
582.64	0.094108	0.092941
582.7	0.094159	0.092981
582.76	0.094304	0.093113
582.82	0.094546	0.093338
582.88	0.094881	0.093654
582.94	0.095306	0.094056
583	0.095811	0.094534
583.06	0.096384	0.095076
583.12	0.097009	0.095666
583.18	0.097664	0.096284
583.24	0.098326	0.096906
583.3	0.098968	0.097507
583.36	0.09956	0.09806
583.42	0.10007	0.098537
583.48	0.10048	0.098911
583.54	0.10075	0.099156
583.6	0.10086	0.099252
583.66	0.1008	0.099181
583.72	0.10055	0.098931
583.78	0.10011	0.098499
583.84	0.099483	0.097886
583.9	0.098677	0.0971
583.96	0.097707	0.096157
584.02	0.096596	0.095075
584.08	0.095367	0.093878
584.14	0.094046	0.092591
584.2	0.09266	0.091239
584.26	0.091236	0.089849
584.32	0.089797	0.088444
584.38	0.088367	0.087047
584.44	0.086967	0.085679
584.5	0.085613	0.084356
584.56	0.084321	0.083094
584.62	0.083103	0.081902
584.68	0.081968	0.08079
584.74	0.080922	0.079764
584.8	0.079968	0.078827
584.86	0.079107	0.07798
584.92	0.078339	0.077222
584.98	0.07766	0.07655
585.05	0.077067	0.075963
585.11	0.076555	0.075454
585.17	0.076119	0.07502
585.23	0.075755	0.074655
585.29	0.075457	0.074354
585.35	0.075219	0.074112
585.41	0.075037	0.073923
585.47	0.074904	0.073781
585.53	0.074814	0.07368
585.59	0.074757	0.073614
585.65	0.074727	0.073576
585.71	0.074712	0.073557
585.77	0.074704	0.073551
585.83	0.074692	0.073547
585.89	0.074667	0.073537
585.95	0.074622	0.073513
586.01	0.07455	0.073466
586.07	0.074444	0.073389
586.13	0.074303	0.073274
586.19	0.074121	0.073117
586.25	0.073899	0.072914
586.31	0.073634	0.072662
586.37	0.073328	0.072362
586.43	0.07298	0.072015
586.49	0.072591	0.071623
586.55	0.072166	0.07119
586.61	0.071706	0.070722
586.67	0.071218	0.070225
586.73	0.070707	0.069704
586.79	0.070179	0.069167
586.85	0.06964	0.06862
586.91	0.069098	0.06807
586.97	0.06856	0.067523
587.03	0.06803	0.066984
587.09	0.067514	0.066459
587.15	0.067016	0.065951
587.21	0.066538	0.065464
587.27	0.066082	0.065001
587.33	0.065649	0.064561
587.39	0.06524	0.064146
587.45	0.064852	0.063754
587.51	0.064485	0.063383
587.57	0.064135	0.063028
587.63	0.063799	0.062686
587.69	0.063469	0.062351
587.75	0.063141	0.062017
587.81	0.062806	0.061678
587.87	0.062458	0.061328
587.93	0.062089	0.060962
587.99	0.061693	0.060573
588.05	0.061264	0.060158
588.11	0.060801	0.059715
588.17	0.060301	0.059242
588.23	0.059767	0.058741
588.29	0.0592	0.058212
588.35	0.058607	0.057658
588.41	0.057992	0.057084
588.47	0.057362	0.056493
588.53	0.056722	0.055888
588.59	0.056079	0.055275
588.65	0.055436	0.054656
588.71	0.054796	0.054035
588.77	0.054159	0.053412
588.83	0.053525	0.052788
588.89	0.052892	0.052164
588.95	0.052256	0.051537
589.01	0.051614	0.050906
589.07	0.050962	0.050269
589.13	0.050296	0.049622
589.19	0.049615	0.048965
589.25	0.048919	0.048295
589.31	0.048208	0.047614
589.37	0.047486	0.046923
589.43	0.046758	0.046225
589.49	0.04603	0.045527
589.55	0.045309	0.044834
589.61	0.044603	0.044153
589.67	0.043919	0.043491
589.73	0.043266	0.042855
589.79	0.042648	0.04225
589.85	0.042071	0.041682
589.91	0.041539	0.041154
589.97	0.041053	0.04067
590.03	0.040614	0.04023
590.09	0.040222	0.039834
590.15	0.039875	0.039482
590.21	0.03957	0.039171
590.27	0.039304	0.038899
590.33	0.039074	0.038664
590.39	0.038875	0.038461
590.45	0.038706	0.038288
590.51	0.038562	0.038142
590.57	0.038442	0.038019
590.63	0.038343	0.037918
590.69	0.038262	0.037835
590.75	0.038198	0.037768
590.81	0.038146	0.037715
590.87	0.038106	0.037673
590.93	0.038073	0.03764
590.99	0.038047	0.037614
591.05	0.038023	0.037593
591.11	0.038002	0.037574
591.17	0.037982	0.037558
591.23	0.037962	0.037542
591.29	0.037944	0.037527
591.35	0.037929	0.037513
591.41	0.037918	0.037502
591.47	0.037915	0.037495
591.53	0.037922	0.037497
591.59	0.037943	0.037509
591.65	0.03798	0.037536
591.71	0.038038	0.037582
591.77	0.038119	0.03765
591.83	0.038226	0.037743
591.89	0.038362	0.037866
591.95	0.038529	0.038021
592.01	0.03873	0.03821
592.07	0.038965	0.038435
592.13	0.039236	0.038695
592.19	0.039541	0.038992
592.25	0.03988	0.039322
592.31	0.040249	0.039682
592.37	0.040643	0.040068
592.43	0.041055	0.040471
592.49	0.041476	0.040883
592.55	0.041893	0.041292
592.61	0.042296	0.041686
592.67	0.042671	0.042052
592.73	0.043005	0.042377
592.79	0.043285	0.04265
592.85	0.043504	0.04286
592.91	0.043653	0.043003
592.97	0.043731	0.043077
593.03	0.043738	0.043082
593.09	0.04368	0.043024
593.15	0.043564	0.04291
593.21	0.043399	0.042751
593.27	0.043196	0.042555
593.33	0.042963	0.04233
593.39	0.042708	0.042085
593.45	0.042436	0.041822
593.51	0.04215	0.041546
593.57	0.041849	0.041253
593.63	0.04153	0.040943
593.69	0.041187	0.04061
593.75	0.040814	0.040248
593.81	0.040404	0.039851
593.87	0.03995	0.039414
593.93	0.03945	0.038933
593.99	0.038901	0.038406
594.05	0.038304	0.037836
594.11	0.037663	0.037225
594.17	0.036986	0.036579
594.23	0.036279	0.035908
594.29	0.035555	0.03522
594.35	0.034823	0.034526
594.41	0.034094	0.033835
594.47	0.033378	0.033157
594.53	0.032684	0.0325
594.59	0.032019	0.031871
594.65	0.031388	0.031274
594.71	0.030797	0.030715
594.77	0.030247	0.030194
594.83	0.029739	0.029713
594.89	0.029273	0.02927
594.95	0.028847	0.028865
595.02	0.028458	0.028494
595.08	0.028101	0.028153
595.14	0.027772	0.027837
595.2	0.027465	0.027542
595.26	0.027173	0.027262
595.32	0.02689	0.026992
595.38	0.026612	0.026727
595.44	0.026332	0.026464
595.5	0.026049	0.026198
595.56	0.025759	0.025928
595.62	0.025461	0.025652
595.68	0.025156	0.02537
595.74	0.024844	0.025083
595.8	0.024527	0.024791
595.86	0.024207	0.024495
595.92	0.023884	0.024196
595.98	0.023561	0.023896
596.04	0.023236	0.023594
596.1	0.022911	0.023291
596.16	0.022585	0.022986
596.22	0.022256	0.022679
596.28	0.021924	0.02237
596.34	0.021588	0.022057
596.4	0.021248	0.021741
596.46	0.020904	0.021422
596.52	0.020556	0.0211
596.58	0.020207	0.020776
596.64	0.019856	0.020453
596.7	0.019506	0.02013
596.76	0.019159	0.019812
596.82	0.018817	0.019498
596.88	0.018481	0.019192
596.94	0.018153	0.018894
597	0.017835	0.018606
597.06	0.017527	0.018329
597.12	0.01723	0.018065
597.18	0.016946	0.017813
597.24	0.016675	0.017575
597.3	0.016417	0.01735
597.36	0.016171	0.017139
597.42	0.015939	0.016941
597.48	0.015719	0.016756
597.54	0.015512	0.016584
597.6	0.015316	0.016424
597.66	0.015131	0.016276
597.72	0.014957	0.016139
597.78	0.014793	0.016013
597.84	0.014638	0.015897
597.9	0.01449	0.01579
597.96	0.01435	0.015692
598.02	0.014216	0.015601
598.08	0.014087	0.015516
598.14	0.01396	0.015436
598.2	0.013835	0.01536
598.26	0.01371	0.015286
598.32	0.013583	0.015214
598.38	0.013455	0.015142
598.44	0.013323	0.015071
598.5	0.013188	0.015001
598.56	0.013049	0.01493
598.62	0.012907	0.01486
598.68	0.012762	0.014791
598.74	0.012613	0.014722
598.8	0.012461	0.014655
598.86	0.012306	0.01459
598.92	0.012148	0.014527
598.98	0.011986	0.014465
599.04	0.011822	0.014407
599.1	0.011654	0.014351
599.16	0.011483	0.0143
599.22	0.011309	0.014253
599.28	0.011131	0.014212
599.34	0.01095	0.014178
599.4	0.010767	0.014152
599.46	0.010583	0.014136
599.52	0.010398	0.01413
599.58	0.010214	0.014137
599.64	0.010032	0.014158
599.7	0.0098525	0.014192
599.76	0.0096767	0.014242
599.82	0.0095054	0.014307
599.88	0.0093391	0.014388
599.94	0.0091784	0.014484
600	0.0090235	0.014595
