547.78	3.6969e-27
547.86	8.8936e-29
548.15	4.8707e-28
548.91	2.0789e-27
548.97	2.6624e-28
549.07	1.4258e-27
549.6	1.5383e-27
549.61	5.9701e-28
549.63	0.19767
549.7	0.19959
549.71	1.8543e-26
549.9	9.1819e-26
549.92	3.6483e-28
549.98	0.19333
550.06	1.4098e-27
550.08	4.1434e-27
550.1	1.0648e-27
550.2	4.2235e-27
550.35	7.2333e-28
550.68	0.18074
550.7	9.5893e-26
550.77	0.18797
550.87	2.803e-27
550.92	0.16135
551.07	7.4611e-28
551.07	2.8712e-28
551.12	7.5701e-27
551.17	2.2453e-28
551.38	0.23199
551.41	0.16217
551.46	0.11318
551.49	1.018e-27
551.56	8.8726e-27
551.59	7.6383e-29
551.63	1.0718e-28
551.7	0.239
551.73	0.1651
551.82	0.16637
551.82	0.2216
551.95	0.16241
551.96	0.14568
552.02	6.0154e-29
552.09	9.6356e-28
552.16	0.16357
552.26	1.043e-26
552.38	0.20853
552.58	0.20241
552.89	0.13442
552.89	0.19709
552.93	0.19442
552.94	0.18675
553.2	0.21679
553.35	0.18721
553.41	0.19355
553.42	0.19344
553.49	7.1961e-27
553.77	0.22556
553.88	0.19982
554.05	0.1912
555.19	0.17357
555.22	2.907e-26
555.32	0.0089654
555.58	2.2127e-25
555.61	0.0030783
555.88	4.1748e-28
556.29	0.041144
556.81	9.9003e-29
556.82	0.0022896
556.83	7.8481e-25
556.85	0.0023748
556.9	1.0377e-26
557	9.9916e-27
557.05	0.0047082
557.05	6.9239e-26
557.1	0.014756
557.24	1.0379e-25
557.28	0.0040348
557.39	4.8908e-26
557.43	1.1292e-27
557.48	0.0063525
557.55	1.8727e-27
557.85	3.212e-29
557.97	5.922e-27
557.99	0.028852
558	1.0307e-25
558.01	8.217e-28
558.03	2.5634e-26
558.04	0.0012053
558.05	0.090718
558.08	0.038219
558.11	3.2372e-26
558.11	1.4262e-24
558.13	0.0010053
558.15	0.012116
558.24	4.0075e-26
558.31	0.0027873
558.38	3.6426e-24
558.38	0.00019448
558.4	0.059618
558.43	9.4056e-26
558.46	8.9071e-28
558.49	0.0025511
558.53	1.7532e-27
558.55	1.3816e-27
558.6	0.0038521
558.63	8.7848e-27
558.63	5.7434e-25
558.64	0.0012351
558.67	0.0017233
558.69	0.035782
558.71	1.9409e-25
558.73	0.0026513
558.73	5.6499e-25
558.75	6.1861e-26
558.79	1.7002e-27
558.82	0.086281
558.82	0.0024034
558.82	0.0017197
558.84	2.5123e-25
558.94	0.060071
558.97	0.11241
558.97	0.089683
558.99	8.5472e-27
559.01	4.5809e-26
559.03	4.5525e-26
559.05	8.387e-28
559.08	7.4628e-26
559.08	0.00069479
559.08	8.8792e-26
559.1	0.0010429
559.11	2.2597e-27
559.13	0.013765
559.2	0.011545
559.43	2.4938e-26
559.46	9.7363e-27
559.48	1.5712e-25
559.48	0.084124
559.5	5.1927e-25
559.53	5.3801e-25
559.54	3.8931e-26
559.54	0.0035928
559.56	3.6147e-26
559.56	0.00059751
559.56	1.7222e-27
559.58	0.0038426
559.59	0.003976
559.6	0.014701
559.62	7.1253e-26
559.64	0.0021782
559.68	6.0589e-26
559.69	2.798e-24
559.69	0.023276
559.69	0.00085931
559.72	7.3666e-26
559.73	0.084
559.75	0.0026517
559.79	3.6689e-26
559.82	0.025401
559.83	0.0076969
559.91	1.98e-26
559.94	0.016596
559.97	2.4795e-26
559.98	1.8002e-24
559.98	0.090218
560.01	0.0039152
560.01	0.075284
560.03	3.5065e-26
560.07	6.6103e-26
560.07	4.2358e-25
560.08	0.00097445
560.09	3.2339e-25
560.11	0.0059269
560.12	0.00085121
560.13	0.070468
560.17	8.9814e-27
560.21	0.015397
560.23	0.005103
560.27	2.8721e-26
560.28	7.6625e-25
560.38	0.027154
560.38	0.034377
560.39	8.9795e-24
560.4	0.002062
560.44	2.2392e-27
560.46	0.10525
560.47	1.4918e-23
560.47	0.00055706
560.47	2.5186e-23
560.52	6.0084e-26
560.53	0.0061517
560.54	0.081625
560.54	6.7199e-25
560.55	0.0046865
560.56	0.0011866
560.56	2.0497e-26
560.62	0.0050505
560.64	1.1876e-26
560.65	1.0203e-25
560.67	0.038936
560.67	0.0072099
560.71	6.659e-27
560.71	0.0087962
560.74	0.0041762
560.75	0.0066495
560.75	3.0887e-25
560.75	0.00017623
560.79	1.253e-26
560.8	0.0017571
560.83	1.4285e-25
560.87	1.2797e-26
560.88	6.5011e-25
560.91	7.9978e-27
560.93	6.1399e-26
560.95	0.01278
560.96	1.4917e-25
560.96	0.0021797
560.98	0.015024
561	0.0032478
561.01	4.1684e-26
561.03	2.118e-25
561.04	0.0037664
561.04	0.00081454
561.06	2.8238e-27
561.06	1.3563e-24
561.07	0.0010721
561.07	0.0015169
561.1	1.4293e-26
561.12	1.2374e-24
561.14	0.0024248
561.14	0.00072805
561.15	6.9312e-24
561.15	4.462e-05
561.17	0.07476
561.18	6.9595e-27
561.2	0.0028759
561.22	5.5374e-27
561.27	0.0040963
561.33	6.8983e-25
561.33	0.00056601
561.39	5.9103e-28
561.41	0.00071404
561.43	1.0581e-26
561.44	6.3596e-25
561.45	0.00032037
561.46	4.6781e-25
561.47	0.0043234
561.47	0.0006041
561.53	1.0874e-25
561.55	9.8367e-26
561.55	0.0015196
561.61	3.7938e-25
561.63	0.0028782
561.65	9.4457e-24
561.65	0.00048768
561.65	0.0031625
561.67	7.92e-27
561.69	4.5612e-25
561.69	2.3908e-26
561.7	0.00071563
561.71	1.0388e-27
561.74	7.9887e-27
561.76	0.004456
561.78	0.0072038
561.79	5.0965e-25
561.8	0.0027673
561.82	1.1932e-25
561.82	1.851e-26
561.83	1.7552e-24
561.83	7.5865e-05
561.84	0.0025838
561.85	0.02073
561.86	2.9029e-26
561.87	0.0028917
561.87	0.00020059
561.89	0.0069192
561.91	1.8342e-24
561.93	0.0042275
561.94	0.10905
561.97	5.6596e-26
561.98	2.3901e-25
561.99	0.0003719
562.01	0.0072793
562.01	6.1437e-26
562.03	1.3852e-27
562.06	8.2556e-26
562.08	6.5801e-26
562.09	2.9865e-25
562.09	0.00019718
562.11	0.0027549
562.11	5.5979e-23
562.12	0.0031685
562.12	0.023679
562.14	3.8143e-26
562.14	0.002482
562.14	0.00098373
562.2	3.6182e-24
562.21	0.0003841
562.21	1.245e-25
562.22	3.6848e-24
562.22	0.00013944
562.27	1.6015e-25
562.28	0.0043834
562.29	0.0012015
562.29	3.848e-25
562.31	4.645e-25
562.32	0.00099086
562.34	0.019344
562.35	0.0068512
562.38	1.8192e-26
562.4	3.2142e-27
562.41	0.00067715
562.42	1.3231e-25
562.43	0.0041682
562.46	0.0074783
562.48	2.1475e-27
562.49	0.0018598
562.5	4.165e-26
562.55	1.048e-20
562.55	0.0027027
562.55	1.1101e-24
562.57	0.0013255
562.58	7.398e-27
562.61	1.1096e-26
562.64	0.0036367
562.64	6.9529e-27
562.66	2.0399e-24
562.67	0.0020174
562.68	6.2031e-26
562.68	0.0017625
562.7	0.00138
562.71	3.4695e-25
562.71	0.001193
562.72	6.5617e-26
562.73	2.2273e-24
562.73	0.021638
562.75	8.9552e-27
562.76	4.0943e-26
562.78	0.0054719
562.79	0.0031545
562.86	0.031404
562.86	1.9096e-25
562.87	0.0010898
562.87	0.00034493
562.89	2.4066e-26
562.89	1.4384e-27
562.92	2.4279e-24
562.93	0.00025534
562.93	4.9029e-25
562.94	0.010753
562.95	0.0027576
562.96	3.2848e-27
562.98	1.3398e-26
563.03	6.9641e-26
563.04	0.010191
563.05	7.2937e-24
563.05	0.016342
563.07	8.2042e-27
563.1	0.007857
563.11	2.5677e-26
563.13	0.0029821
563.15	2.6086e-25
563.16	0.001297
563.16	0.02623
563.2	0.010287
563.21	0.007731
563.28	0.015913
563.32	2.1735e-26
563.33	5.2119e-26
563.35	9.0867e-26
563.35	0.00032134
563.36	0.0057179
563.41	0.007814
563.42	1.5458e-25
563.43	5.8511e-27
563.44	0.0016228
563.49	8.1674e-25
563.51	0.0015001
563.53	5.4827e-27
563.54	5.5479e-27
563.56	1.9147e-25
563.57	0.00092647
563.57	4.4473e-26
563.58	1.1624e-26
563.6	0.0016485
563.62	0.0075699
563.62	8.3461e-26
563.62	9.9672e-25
563.62	1.0678e-24
563.62	0.0029276
563.63	0.0022843
563.64	0.0017218
563.64	0.0034165
563.65	5.6446e-27
563.69	0.0066226
563.71	2.8665e-27
563.72	0.00046595
563.75	1.126e-24
563.76	2.3164e-26
563.76	0.00067097
563.77	0.03184
563.78	0.0017971
563.8	1.3546e-26
563.8	3.2602e-26
563.81	1.5049e-25
563.82	0.0010371
563.83	0.0041047
563.89	0.0049427
563.95	6.9502e-27
563.96	3.3832e-25
563.96	0.00067583
563.97	0.020988
563.98	0.0025927
563.99	1.9835e-25
563.99	2.495e-29
563.99	1.3371e-27
564.06	1.6894e-26
564.07	0.010979
564.08	0.0067255
564.08	9.7658e-23
564.09	1.0594e-26
564.1	3.2628e-26
564.1	5.8685e-25
564.11	0.00024832
564.11	2.6794e-19
564.11	0.0020496
564.13	2.1307e-26
564.13	0.0023677
564.14	9.2526e-27
564.15	0.0038578
564.16	0.0045572
564.17	0.014656
564.18	0.00082532
564.18	0.0062206
564.24	1.1683e-26
564.29	0.0047534
564.29	4.0678e-26
564.29	3.4948e-25
564.3	0.00092499
564.32	2.0604e-26
564.33	0.0038445
564.33	0.0016834
564.33	1.7183e-27
564.36	2.1533e-26
564.38	2.07e-27
564.39	1.6579e-26
564.39	0.004126
564.41	0.0014598
564.43	0.0012469
564.45	1.6591e-26
564.45	7.7516e-25
564.45	1.1053e-24
564.46	0.0037007
564.46	0.00029357
564.46	1.0206e-24
564.47	0.00042445
564.51	8.3747e-27
564.55	0.0048399
564.56	0.026442
564.58	4.5421e-27
564.59	3.959e-27
564.65	0.0050767
564.65	5.3606e-26
564.65	1.6837e-25
564.67	0.0028954
564.68	1.3216e-27
564.68	0.0046976
564.69	8.3139e-26
564.7	0.00069207
564.71	9.056e-27
564.72	0.021589
564.73	3.0553e-27
564.75	1.8422e-26
564.77	0.0005587
564.77	3.4934e-26
564.8	0.0013326
564.8	0.0017
564.81	1.045e-27
564.84	1.0586e-27
564.85	0.00042816
564.88	9.5948e-28
564.9	7.7801e-27
564.93	4.3705e-25
564.93	7.0118e-05
564.94	0.015462
564.95	2.3617e-26
564.96	1.4837e-26
564.96	8.3947e-27
564.96	9.1707e-05
564.96	4.091e-26
564.98	0.00045923
565.05	9.2713e-27
565.05	0.0049309
565.07	1.3259e-25
565.08	0.012368
565.09	2.454e-26
565.1	0.0019077
565.11	0.002171
565.11	2.2889e-26
565.12	0.0031944
565.17	2.9293e-27
565.17	2.3136e-25
565.17	0.00027786
565.18	1.348e-26
565.22	0.0076517
565.3	8.5607e-26
565.34	0.01494
565.39	1.5191e-25
565.39	4.5065e-24
565.39	5.3881e-05
565.39	0.0014529
565.39	6.2002e-26
565.4	0.0069916
565.41	7.7637e-27
565.44	3.6432e-24
565.45	0.0029438
565.48	2.5187e-25
565.49	0.019519
565.5	0.0016912
565.52	3.3391e-26
565.52	9.2241e-27
565.53	2.2488e-25
565.55	0.0038958
565.57	0.0067051
565.64	3.9109e-25
565.64	6.6649e-05
565.65	7.1911e-25
565.66	0.00052409
565.66	0.035222
565.67	0.018179
565.7	5.6132e-25
565.71	0.0014702
565.72	3.818e-26
565.73	1.6308e-25
565.75	0.0018283
565.76	4.9843e-25
565.76	2.7466e-05
565.76	1.4922e-25
565.76	6.7417e-05
565.79	7.257e-26
565.8	0.00036168
565.82	3.5895e-27
565.83	7.4868e-26
565.85	0.001912
565.85	3.7008e-25
565.85	0.010585
565.85	0.0054361
565.86	3.6591e-26
565.86	1.6989e-23
565.88	0.0028264
565.89	0.019848
565.91	1.0876e-26
565.91	2.0534e-25
565.92	3.2723e-25
565.93	4.1606e-26
565.94	0.00013535
565.94	6.1304e-24
565.94	0.051516
565.96	1.1606e-24
565.96	2.1821e-24
565.96	0.0017646
565.96	0.0079868
565.98	1.2843e-26
566.03	0.00028352
566.03	3.6935e-27
566.05	2.2089e-25
566.05	0.0001699
566.07	6.9028e-26
566.09	0.044653
566.1	1.0535e-25
566.11	0.012496
566.11	0.004669
566.12	0.028959
566.17	2.4231e-24
566.17	0.0060818
566.23	2.9583e-25
566.23	1.15e-23
566.24	0.00062365
566.24	0.00135
566.26	0.022576
566.27	1.9523e-25
566.29	0.033681
566.3	0.0045904
566.31	2.1186e-25
566.33	1.3474e-26
566.34	3.3072e-25
566.35	0.021144
566.37	0.040042
566.37	2.3041e-25
566.38	0.0015485
566.38	3.6339e-25
566.42	2.5035e-25
566.44	7.1407e-25
566.45	1.1799e-25
566.46	0.013417
566.46	0.0013951
566.47	1.9334e-26
566.49	0.24928
566.5	1.0365e-23
566.5	0.0034286
566.51	0.0045418
566.51	0.071659
566.54	0.025081
566.55	2.7072e-25
566.56	0.21938
566.61	0.034799
566.61	0.0045416
566.63	7.8288e-26
566.64	9.0374e-26
566.66	0.0028865
566.68	8.589e-26
566.68	2.32e-26
566.7	9.9674e-26
566.71	0.00092709
566.71	0.0015671
566.72	1.0105e-26
566.75	0.020174
566.76	0.0066155
566.78	0.11543
566.79	1.2945e-24
566.81	2.1619e-24
566.82	0.0092718
566.85	0.023072
566.88	0.22612
566.89	5.1817e-25
566.9	7.1775e-26
566.92	0.0023703
566.93	0.0093891
566.93	9.6365e-26
566.95	4.2871e-27
566.96	2.0805e-27
566.97	0.042092
566.98	2.9393e-26
567	1.4785e-25
567.01	5.6575e-25
567.01	0.012922
567.01	1.0863e-22
567.01	0.0021274
567.02	0.00062193
567.02	2.0785e-27
567.04	0.0029862
567.04	2.7336e-24
567.09	4.0392e-24
567.09	1.4065e-05
567.1	0.054294
567.11	0.062923
567.13	0.071553
567.14	0.062562
567.15	1.9166e-25
567.19	1.0135e-25
567.19	8.4021e-27
567.19	3.8043e-24
567.22	0.00042599
567.22	0.051251
567.22	0.028657
567.23	1.9559e-24
567.23	0.079022
567.3	2.6135e-26
567.3	2.3371e-25
567.3	6.8978e-26
567.3	0.00031457
567.3	0.0005995
567.33	0.066424
567.35	4.6902e-24
567.35	0.00033576
567.36	5.8356e-23
567.36	0.00038743
567.36	0.10668
567.44	1.0349e-26
567.44	6.7629e-29
567.49	0.21142
567.49	0.015221
567.5	1.9681e-26
567.5	0.0053079
567.53	0.002721
567.53	4.815e-26
567.54	0.16534
567.55	0.0037249
567.57	5.474e-25
567.58	0.00046672
567.62	6.7194e-27
567.62	8.6767e-27
567.63	2.5001e-26
567.65	0.0055307
567.66	0.0046384
567.67	4.9285e-25
567.68	1.526e-25
567.72	1.1129e-23
567.72	1.1921e-22
567.73	0.00072322
567.73	0.12132
567.74	7.31e-23
567.74	0.012085
567.75	0.002626
567.76	0.0019257
567.81	1.9041e-25
567.82	1.1332e-23
567.82	0.0074119
567.83	0.30457
567.84	6.5137e-26
567.85	1.4377e-26
567.85	0.0043655
567.85	1.6689e-25
567.86	0.059272
567.87	1.3996e-24
567.88	7.6872e-27
567.88	0.025206
567.9	1.6917e-25
567.9	0.025696
567.92	0.0027447
567.93	0.023936
567.99	4.5309e-25
568	0.049928
568.15	2.6844e-23
568.15	0.000133
568.19	2.3997e-25
568.19	4.7221e-24
568.2	0.14828
568.21	0.013833
568.21	0.001272
568.22	5.112e-25
568.22	0.00052878
568.27	0.022217
568.28	1.8866e-25
568.29	0.19896
568.31	1.2358e-25
568.32	0.0047778
568.33	6.541e-26
568.35	2.1733e-26
568.38	1.1362e-24
568.41	0.0026968
568.41	0.016791
568.45	0.10421
568.45	1.0846e-25
568.46	0.0010075
568.47	2.8543e-26
568.47	1.6085e-24
568.47	2.1836e-25
568.47	0.00063137
568.48	0.00095714
568.52	7.4019e-26
568.53	0.0026525
568.55	0.06173
568.58	7.3382e-26
568.6	0.015586
568.62	0.0066752
568.7	9.8682e-26
568.73	4.2132e-26
568.79	1.0609e-26
568.8	4.6291e-24
568.81	0.002137
568.81	0.032435
568.82	0.04412
568.83	1.425e-25
568.84	0.00075157
568.87	3.1474e-26
568.88	0.030227
568.89	0.0014655
568.93	8.1819e-24
568.93	0.0033822
568.94	2.4517e-24
568.94	0.0010674
568.95	1.1605e-26
568.97	3.8296e-25
568.98	0.00058051
568.98	1.5319e-21
568.99	0.0011928
569	1.9431e-25
569.02	3.7328e-26
569.04	0.0024235
569.04	2.0043e-23
569.04	0.00058869
569.05	1.013e-25
569.05	0.0061552
569.07	0.1583
569.09	1.2642e-24
569.1	0.0005525
569.11	8.7346e-25
569.11	9.4917e-26
569.12	0.0016773
569.12	0.00090615
569.15	0.011102
569.16	7.1993e-24
569.17	5.5339e-25
569.18	0.023683
569.2	0.0037574
569.23	3.1706e-25
569.24	7.3099e-05
569.24	1.1376e-18
569.25	5.4554e-24
569.25	0.00038402
569.3	0.022104
569.31	3.4585e-23
569.31	5.8081e-05
569.37	1.2668e-24
569.38	0.00057816
569.43	5.9019e-26
569.44	0.00089681
569.46	1.2215e-26
569.47	9.8359e-25
569.48	0.0011406
569.5	0.0030637
569.56	2.5776e-24
569.56	8.0386e-05
569.59	2.0914e-23
569.6	1.028e-24
569.6	0.00069514
569.63	4.891e-25
569.63	0.00026684
569.64	0.00041864
569.65	1.0633e-24
569.7	1.9527e-24
569.7	0.00066207
569.73	5.9666e-25
569.74	0.0010461
569.79	1.0519e-23
569.79	0.0001277
569.82	0.0097154
569.89	1.7109e-26
569.93	0.0046897
569.94	1.0762e-26
569.96	0.0032992
569.98	0.0042827
569.98	1.2661e-24
570	3.5205e-26
570	0.00026281
570.03	6.0997e-26
570.04	2.7173e-25
570.04	3.8523e-25
570.05	0.0050885
570.05	0.00068874
570.06	9.6942e-24
570.06	0.0016041
570.06	0.00025352
570.09	9.055e-26
570.11	0.0013708
570.14	3.1877e-24
570.15	0.00046678
570.18	3.851e-25
570.18	2.5112e-25
570.2	0.168
570.2	0.0025456
570.23	7.3797e-25
570.24	6.454e-26
570.24	0.00055573
570.25	3.9788e-24
570.25	0.00015758
570.25	0.0024664
570.3	3.0593e-25
570.33	0.0034393
570.43	2.9106e-25
570.43	5.2525e-05
570.52	9.9295e-24
570.52	6.3734e-05
570.61	1.1232e-26
570.62	1.2395e-24
570.63	0.0019785
570.66	0.00049514
570.69	1.0319e-26
570.72	6.6582e-26
570.84	0.0085065
570.89	5.3003e-28
570.89	2.0704e-25
570.9	2.0648e-26
570.9	0.0015769
570.91	6.9463e-25
570.91	0.00031422
570.92	5.7816e-25
570.92	0.002856
570.94	0.0045752
570.99	0.12716
571	1.3886e-24
571.03	1.0182e-23
571.04	0.00011493
571.04	0.0035438
571.05	3.5508e-22
571.05	3.4169e-05
571.06	2.7023e-24
571.06	0.00018623
571.09	1.6826e-23
571.1	0.00021208
571.13	2.009e-24
571.14	0.00068645
571.18	2.7628e-25
571.2	0.0017319
571.22	0.009481
571.27	3.8802e-25
571.3	4.6317e-24
571.3	6.1604e-05
571.41	5.9479e-28
571.43	1.2516e-24
571.44	0.00011157
571.57	3.6743e-25
571.58	0.078234
571.59	5.4842e-24
571.59	0.0014678
571.69	2.1277e-26
571.71	1.6458e-27
571.74	0.11971
571.78	0.049254
571.93	3.3824e-24
571.93	0.00023492
571.93	0.01806
572.02	2.8046e-26
572.02	2.1068e-23
572.02	3.7638e-05
572.12	5.3397e-26
572.12	1.7697e-26
572.13	0.0096112
572.15	9.2735e-26
572.17	0.0029886
572.18	0.0014618
572.4	0.035985
572.47	0.13748
572.56	7.0029e-26
572.61	0.0038949
572.61	8.0552e-27
572.63	1.1881e-26
572.65	8.3165e-25
572.66	0.00016395
572.67	0.14848
572.68	1.0125e-26
572.69	4.5821e-26
572.7	6.0168e-26
572.74	3.1345e-26
572.75	0.0032498
572.76	6.5553e-27
572.82	6.9354e-27
572.82	0.020793
572.84	0.00096866
572.86	2.6103e-27
572.86	7.9246e-28
572.86	4.468e-27
572.98	1.7507e-23
572.98	0.013572
572.99	5.9411e-24
573.01	0.023154
573.02	2.7992e-24
573.02	0.058929
573.02	0.00058113
573.21	1.6276e-27
573.25	1.8551e-25
573.27	8.5814e-28
573.33	8.2261e-28
573.35	1.2837e-26
573.37	0.068789
573.39	0.0026009
573.39	0.035909
573.41	9.4747e-26
573.42	0.071902
573.42	0.00033502
573.42	6.1398e-25
573.5	1.1722e-27
573.57	0.061041
573.58	1.0269e-25
573.59	2.5656e-24
573.59	0.0016823
573.61	0.0047181
573.65	0.043656
573.67	4.0466e-26
573.7	0.038955
573.78	5.554e-26
573.82	1.0685e-26
573.88	3.2325e-24
573.9	0.012496
573.96	0.15266
573.98	2.587e-25
574.02	0.00081075
574.03	0.14872
574.04	0.025335
574.07	0.0091657
574.19	0.169
574.3	2.3819e-24
574.3	0.00014719
574.32	3.7846e-26
574.4	0.13876
574.4	2.9245e-24
574.44	6.1281e-27
574.49	7.8027e-27
574.63	0.13852
574.66	0.029851
574.71	1.1558e-24
574.71	0.11131
574.73	0.0016315
574.73	0.0062836
574.79	5.0345e-27
574.8	0.15397
574.83	0.11938
574.84	1.2985e-24
574.86	3.0598e-27
574.89	2.1745e-26
574.99	7.6848e-28
575.03	1.8718e-27
575.1	0.10729
575.11	1.3406e-27
575.14	0.034778
575.16	1.7996e-26
575.26	2.0204e-27
575.3	0.0020323
575.38	0.034261
575.41	8.0107e-27
575.43	0.091607
575.56	0.094606
575.56	0.035424
575.59	6.9898e-27
575.73	0.067873
575.75	2.8791e-26
575.87	0.14614
575.88	1.7078e-26
575.9	0.070286
575.93	3.7977e-24
575.94	0.1156
575.94	0.00079125
575.94	6.0762e-23
575.96	1.4336e-25
575.99	0.0010279
576.22	6.3557e-27
576.27	0.023453
576.3	0.083458
576.3	0.095484
576.3	4.9837e-26
576.39	2.8319e-27
576.4	2.653e-27
576.44	1.6533e-26
576.6	2.4754e-28
576.66	0.065942
576.67	3.7416e-28
576.77	0.073409
576.79	1.079e-27
576.81	0.16891
576.85	0.0080114
576.89	0.16242
576.97	0.060357
577.04	5.6842e-28
577.04	2.2638e-27
577.18	0.010688
577.18	0.11774
577.22	5.0485e-25
577.25	8.8055e-24
577.26	0.00044087
577.28	3.9845e-25
577.32	0.041507
577.38	0.15157
577.38	0.028443
577.4	2.8002e-25
577.45	8.2234e-27
577.58	1.1045e-27
577.65	0.11629
577.7	0.14908
577.76	0.097528
577.8	1.678e-25
577.81	0.047333
577.98	1.4805e-25
578.07	7.7382e-25
578.07	0.042022
578.1	0.0084625
578.13	0.016664
578.2	6.6242e-26
578.24	0.11353
578.32	2.6642e-26
578.34	0.10621
578.35	4.0578e-26
578.37	3.0082e-26
578.4	0.0078255
578.41	1.0862e-24
578.41	8.6871e-05
578.43	5.2903e-28
578.47	6.0255e-27
578.5	0.0020387
578.51	0.024952
578.55	1.5619e-25
578.56	0.038274
578.62	4.765e-24
578.63	0.001795
578.64	8.3732e-28
578.8	5.076e-24
578.81	0.0013478
578.85	0.050215
578.87	7.8037e-27
578.92	0.0035077
578.94	9.6529e-27
578.96	1.0804e-26
579.01	5.2714e-25
579.02	0.00094594
579.09	0.0036314
579.11	0.080823
579.25	4.7851e-26
579.26	0.12053
579.28	1.988e-24
579.3	9.861e-26
579.3	3.2316e-25
579.31	0.0019227
579.32	9.9385e-26
579.33	1.8561e-26
579.34	0.0075627
579.35	0.00039517
579.36	0.001761
579.37	0.048129
579.39	1.1928e-26
579.41	3.7135e-27
579.44	5.0754e-26
579.44	0.010609
579.47	1.9189e-25
579.5	0.0041489
579.52	6.2681e-27
579.52	4.4669e-25
579.53	9.9763e-05
579.54	0.10342
579.56	0.015933
579.57	0.032494
579.58	0.049615
579.66	0.084543
579.77	1.2888e-23
579.78	0.00034687
579.81	2.0946e-24
579.81	9.1061e-05
579.97	0.0041323
580.05	3.2548e-27
580.07	0.0028256
580.08	5.0016e-26
580.11	0.0010766
580.14	8.5967e-24
580.14	0.00040404
580.2	4.7039e-25
580.21	2.9306e-25
580.22	0.0036957
580.23	0.0026527
580.28	1.8771e-26
580.28	0.0005571
580.33	2.6648e-26
580.42	7.882e-28
580.43	1.2348e-24
580.43	0.0001801
580.46	0.018528
580.49	0.0034383
580.53	1.6221e-26
580.54	2.0188e-26
580.56	1.6903e-25
580.56	0.0003621
580.59	5.2444e-27
580.62	0.00021105
580.64	1.4543e-25
580.64	9.2406e-24
580.64	0.00010206
580.65	0.0004523
580.68	0.021006
580.68	0.013352
580.72	4.2894e-25
580.74	3.3737e-26
580.76	0.0079548
580.78	2.1622e-26
580.78	8.836e-24
580.78	6.1724e-05
580.8	0.0042054
580.8	0.0035369
580.87	1.8849e-25
580.9	9.0913e-25
580.91	0.00075057
580.97	1.6214e-25
580.98	0.020014
581.03	4.1104e-25
581.03	0.0012334
581.05	0.0018284
581.12	1.1727e-26
581.12	2.2304e-26
581.13	8.4249e-27
581.14	2.3191e-25
581.16	0.0017593
581.16	0.0043413
581.16	0.0049426
581.16	0.006706
581.2	1.1975e-26
581.22	2.1042e-25
581.23	0.00063578
581.26	7.7071e-27
581.27	5.4974e-26
581.28	2.5025e-24
581.29	0.00055205
581.29	6.2062e-24
581.3	0.0012625
581.3	0.00017345
581.31	1.1352e-23
581.32	0.00021488
581.32	4.2842e-26
581.33	0.011394
581.34	0.024819
581.35	0.00039975
581.37	1.528e-26
581.39	2.06e-25
581.39	4.4559e-27
581.4	4.2844e-25
581.4	0.0055349
581.41	0.0018086
581.41	4.0436e-25
581.43	0.002482
581.43	0.0025767
581.46	5.9362e-24
581.46	0.0004103
581.47	0.0086405
581.49	5.1472e-26
581.5	5.6064e-25
581.51	0.0012382
581.54	4.326e-27
581.54	0.00047763
581.57	4.8533e-26
581.58	0.0090575
581.59	4.8526e-27
581.59	3.0541e-26
581.59	0.00050185
581.64	3.6379e-26
581.65	0.0018329
581.65	0.0073641
581.69	0.0082575
581.7	7.2187e-27
581.72	1.9166e-25
581.72	1.2779e-24
581.72	6.713e-25
581.72	0.00020042
581.73	0.00046994
581.76	0.0066383
581.77	4.4043e-26
581.79	0.0027064
581.86	7.1973e-25
581.86	1.4376e-25
581.86	1.4253e-25
581.86	8.2086e-25
581.87	0.00073207
581.87	3.1174e-27
581.87	0.00055512
581.87	0.00021574
581.87	0.00041427
581.87	0.001329
581.89	4.3412e-26
581.92	0.0085915
581.95	1.3561e-26
581.96	5.7805e-26
581.98	0.010264
581.99	0.0072946
582.01	0.0046589
582.02	1.1651e-24
582.03	0.00034317
582.06	3.2794e-25
582.06	2.5823e-26
582.07	0.0012032
582.1	7.2742e-26
582.12	0.0083982
582.12	0.0015413
582.13	1.1098e-25
582.15	3.3765e-26
582.16	0.0057873
582.17	0.00037591
582.21	4.322e-25
582.22	1.2773e-24
582.23	0.0022856
582.24	1.5976e-24
582.24	0.0004337
582.25	2.9671e-25
582.25	8.8678e-26
582.25	0.00343
582.26	0.0029789
582.32	9.2334e-27
582.32	7.2311e-05
582.33	1.527e-25
582.34	4.6197e-27
582.35	0.0014207
582.35	0.00087903
582.37	2.2105e-24
582.38	0.00092157
582.38	9.0307e-26
582.4	0.001703
582.4	0.00071558
582.41	6.522e-26
582.41	7.0095e-27
582.42	1.4763e-24
582.43	0.0005468
582.43	0.00012064
582.43	0.0037976
582.49	2.8892e-25
582.52	0.0019502
582.56	1.4329e-26
582.56	1.8637e-25
582.57	0.00085028
582.62	3.8353e-27
582.63	1.5111e-25
582.63	5.3601e-27
582.64	4.2605e-28
582.64	0.00087675
582.65	0.00056757
582.66	0.0022496
582.66	4.4723e-26
582.67	0.002697
582.67	2.5208e-24
582.68	0.0019707
582.7	0.0074126
582.71	0.0017687
582.73	9.0184e-27
582.74	9.7761e-27
582.76	1.7919e-28
582.78	1.4418e-24
582.78	0.00020078
582.79	0.0010139
582.79	2.1987e-27
582.82	0.0012035
582.84	3.6531e-25
582.84	3.8496e-27
582.86	0.0021926
582.89	0.005516
582.95	0.001938
582.99	0.00013001
583	6.0721e-27
583	1.4259e-25
583.01	4.2612e-05
583.01	0.0011538
583.03	2.0072e-26
583.04	2.2795e-26
583.04	0.0011039
583.05	2.9752e-27
583.06	0.0014715
583.08	8.6797e-26
583.09	5.9034e-27
583.09	1.2468e-26
583.1	1.131e-24
583.1	0.00067505
583.11	0.0011495
583.12	0.0022568
583.12	2.2287e-25
583.13	0.00069204
583.13	0.00079614
583.14	3.3409e-24
583.14	0.0018329
583.16	3.5322e-27
583.16	6.3701e-27
583.17	1.9603e-27
583.17	3.7596e-25
583.18	0.00061692
583.19	6.2239e-27
583.19	0.0042297
583.19	7.9856e-27
583.2	4.0116e-27
583.21	0.00073389
583.22	6.15e-26
583.23	1.1696e-25
583.23	0.0015327
583.24	0.00052384
583.24	0.0025579
583.26	0.0020297
583.28	3.7396e-27
583.29	0.00091452
583.29	0.0025026
583.31	1.8008e-26
583.31	2.7212e-25
583.33	0.00015912
583.34	0.0048481
583.35	0.0012566
583.36	4.2145e-24
583.36	0.00026965
583.38	4.5719e-26
583.38	0.0031528
583.39	3.986e-28
583.43	8.0303e-26
583.43	4.8785e-28
583.45	0.0018019
583.48	1.5026e-25
583.49	3.89e-26
583.49	0.00050299
583.5	0.0033706
583.52	2.2834e-26
583.53	0.0044292
583.53	0.0010662
583.55	1.7901e-26
583.56	6.4176e-26
583.56	0.0015972
583.57	8.0646e-25
583.57	3.7583e-26
583.58	0.0004348
583.6	0.0031155
583.6	0.00074067
583.61	0.0060374
583.63	5.0777e-27
583.64	3.1823e-26
583.64	0.0023059
583.65	0.00033524
583.65	1.6962e-26
583.65	2.632e-27
583.7	0.0053209
583.74	4.0737e-25
583.74	3.7551e-26
583.74	0.0005427
583.76	0.0011931
583.76	8.88e-05
583.76	3.7761e-22
583.78	1.2154e-24
583.79	0.0012337
583.79	0.0055823
583.79	6.4339e-27
583.81	0.0014526
583.82	0.0039566
583.84	2.965e-27
583.85	1.2558e-25
583.86	8.9115e-27
583.86	5.4929e-28
583.86	7.3848e-25
583.86	0.00025497
583.87	7.7294e-26
583.88	0.00017101
583.88	0.0008913
583.88	0.0038751
583.88	2.5304e-25
583.88	2.6165e-26
583.89	0.0026289
583.9	0.00068788
583.9	2.0967e-27
583.92	0.00052728
583.94	0.0022592
583.96	0.0019409
583.97	6.7963e-27
584.02	9.5127e-26
584.02	1.0568e-25
584.03	0.00059083
584.05	0.0042172
584.06	1.7435e-25
584.07	0.00084906
584.09	8.2474e-28
584.09	1.0584e-25
584.1	0.0017037
584.12	0.0031979
584.12	0.00046839
584.13	5.5608e-27
584.14	2.2449e-24
584.14	2.5402e-06
584.15	3.8877e-27
584.16	6.322e-26
584.16	0.00079374
584.16	4.1222e-26
584.17	1.6204e-25
584.17	0.00020517
584.17	1.8873e-26
584.18	0.0017183
584.18	1.0625e-25
584.19	0.0031965
584.19	0.0019307
584.2	2.3732e-27
584.21	1.7031e-25
584.21	0.0019649
584.21	0.0018308
584.21	6.2077e-26
584.23	0.00034998
584.25	0.0056095
584.26	7.6024e-27
584.29	0.0010824
584.32	3.7231e-26
584.33	0.00029263
584.34	5.9855e-25
584.35	0.0007995
584.35	4.1003e-26
584.36	9.2763e-28
584.36	0.0024938
584.38	1.0075e-25
584.38	4.7798e-24
584.38	0.00011335
584.4	0.002973
584.41	1.3303e-27
584.42	0.0016835
584.42	0.0030666
584.43	2.3124e-27
584.44	2.5275e-27
584.45	8.351e-28
584.45	1.9657e-25
584.46	0.00012075
584.46	0.0024626
584.48	3.4426e-25
584.49	1.2255e-25
584.49	0.00079547
584.5	0.0013444
584.5	5.342e-27
584.51	2.3666e-27
584.52	3.0054e-25
584.54	0.0021281
584.55	9.2588e-27
584.56	0.0016381
584.59	2.7365e-24
584.59	0.001109
584.59	0.00088553
584.63	3.6466e-25
584.63	1.3064e-26
584.64	9.4789e-27
584.64	0.0061338
584.65	0.0028093
584.65	3.9282e-25
584.66	0.00099266
584.66	5.6888e-27
584.66	4.0382e-25
584.67	0.00031248
584.68	0.00096208
584.69	2.6529e-27
584.7	0.0038101
584.7	6.3573e-26
584.72	0.0027906
584.72	1.4286e-25
584.73	9.7271e-26
584.73	0.0013191
584.74	0.0019458
584.74	0.0021286
584.76	3.6388e-27
584.76	0.0045134
584.79	0.0034259
584.79	0.0013432
584.8	1.7745e-25
584.81	0.0020543
584.82	3.5349e-27
584.83	5.7758e-27
584.84	5.7129e-26
584.84	9.582e-28
584.85	0.00031227
584.87	0.0013172
584.87	0.0008737
584.88	3.1118e-26
584.89	0.00015488
584.91	3.5322e-25
584.92	0.0017097
584.92	6.0158e-25
584.93	1.8365e-26
584.94	1.8699e-27
584.94	0.0003893
584.96	1.3281e-26
584.97	0.00057322
584.97	4.0208e-26
584.97	0.00069356
584.98	0.0014472
584.99	1.2113e-25
585	0.0005579
585.01	4.1209e-26
585.01	5.0842e-26
585.01	0.002327
585.02	0.00034574
585.02	4.8629e-25
585.02	0.00012456
585.03	4.0296e-25
585.04	0.0021987
585.04	0.0014282
585.04	0.0028802
585.04	0.00063331
585.05	3.9557e-25
585.07	0.0049458
585.07	3.2058e-24
585.08	0.00037562
585.09	0.0010771
585.13	1.6452e-26
585.14	8.0924e-28
585.14	3.723e-26
585.14	2.1288e-25
585.15	0.0013748
585.16	0.0020914
585.18	1.5483e-27
585.19	1.2891e-25
585.19	1.656e-25
585.19	0.004818
585.21	3.7629e-28
585.22	2.0904e-24
585.22	0.0054691
585.23	0.00016784
585.23	5.929e-05
585.28	7.4453e-25
585.28	0.00070479
585.28	0.0010038
585.29	3.9052e-27
585.29	0.00064299
585.29	1.2423e-23
585.29	8.7814e-25
585.3	0.00015918
585.3	1.7653e-25
585.31	0.00080334
585.33	6.714e-25
585.33	7.8029e-05
585.33	0.00046655
585.35	2.0667e-27
585.35	3.0168e-25
585.35	4.0977e-26
585.35	4.9916e-26
585.35	0.0004778
585.35	2.1259e-23
585.36	0.00066181
585.37	0.00014028
585.38	6.6056e-28
585.4	0.0033048
585.42	1.0791e-27
585.45	2.6806e-28
585.46	3.7373e-26
585.48	0.0010071
585.53	0.00044232
585.53	1.434e-24
585.53	0.00099806
585.54	4.9225e-26
585.55	1.5045e-25
585.56	0.0033131
585.56	1.3968e-26
585.56	0.00010554
585.56	0.00062744
585.57	3.4856e-25
585.57	0.0017764
585.57	0.00026694
585.57	0.00024979
585.58	0.0043302
585.6	0.0021889
585.64	4.1901e-26
585.65	1.8041e-25
585.66	0.0007413
585.66	0.00046962
585.67	1.4694e-27
585.68	6.0831e-27
585.68	8.0142e-27
585.68	4.6294e-26
585.69	0.0013625
585.7	0.00047763
585.7	0.00066565
585.72	1.8949e-26
585.72	9.9336e-28
585.73	9.0678e-27
585.74	0.00039462
585.75	0.0013728
585.75	4.5935e-25
585.75	3.1061e-27
585.76	5.7423e-26
585.76	3.2377e-24
585.76	0.0025891
585.77	0.00027112
585.78	1.2872e-26
585.79	0.0015308
585.83	0.0021339
585.83	0.00048052
585.84	0.005917
585.85	1.2058e-25
585.85	4.2139e-27
585.86	0.00072568
585.86	0.0028294
585.89	2.7686e-26
585.89	1.7786e-25
585.89	0.0027651
585.9	0.00026491
585.91	0.0004539
585.94	3.598e-26
585.97	5.6861e-27
585.98	1.2963e-26
585.98	0.0018467
585.98	2.8115e-05
586	3.1922e-26
586	4.437e-27
586	0.00011828
586.04	5.8869e-27
586.04	0.00013764
586.05	0.002747
586.05	0.00048889
586.06	1.4214e-27
586.06	4.2388e-27
586.07	0.00083435
586.08	1.9272e-25
586.09	0.00096124
586.09	1.7743e-26
586.1	1.3774e-25
586.11	0.0016563
586.13	4.4112e-25
586.13	0.00065025
586.13	0.0011197
586.13	7.5553e-26
586.14	1.3754e-26
586.15	1.0832e-25
586.16	9.9594e-26
586.16	0.0011691
586.18	1.4593e-23
586.18	2.1613e-05
586.18	0.00086944
586.2	0.00082225
586.21	1.245e-26
586.22	0.0028035
586.23	0.0016969
586.24	0.0027051
586.24	5.0134e-24
586.25	1.184e-26
586.26	5.2833e-27
586.26	9.2173e-26
586.27	0.0010618
586.28	0.0022988
586.29	4.1205e-28
586.3	3.8994e-05
586.35	0.0020879
586.36	1.0623e-27
586.36	9.1721e-28
586.38	1.371e-28
586.38	7.595e-27
586.41	0.00046111
586.42	0.0014577
586.42	1.5665e-26
586.43	0.00055041
586.44	0.0029166
586.44	4.7387e-27
586.45	4.7768e-27
586.46	1.9625e-26
586.47	0.00076647
586.47	7.1146e-26
586.47	0.0016288
586.47	0.00024518
586.47	1.5028e-26
586.48	0.0025006
586.49	1.9981e-24
586.5	0.00026835
586.5	7.8016e-25
586.5	4.8328e-05
586.5	0.0018861
586.51	0.000103
586.52	3.4836e-27
586.53	2.0454e-26
586.53	1.0541e-26
586.53	0.0018199
586.54	0.0001144
586.56	0.0015404
586.57	0.00034491
586.57	1.6712e-27
586.57	1.2326e-26
586.59	0.0013906
586.59	1.5932e-27
586.63	7.9583e-28
586.65	3.5879e-26
586.68	0.0031177
586.69	0.002054
586.7	1.7107e-24
586.7	0.00043043
586.73	1.8007e-24
586.73	0.00033659
586.73	2.6239e-25
586.74	2.4186e-27
586.74	0.00081032
586.76	0.00023852
586.77	8.4563e-26
586.79	0.0023788
586.8	1.3617e-27
586.81	6.1258e-26
586.82	0.00065929
586.82	2.3817e-25
586.83	0.00028745
586.84	2.5189e-26
586.84	0.003018
586.84	0.0040097
586.84	0.00056779
586.85	2.5373e-25
586.86	2.3169e-26
586.87	9.9654e-25
586.87	0.00037075
586.87	2.6216e-24
586.87	0.0009445
586.89	0.0004508
586.9	0.0023267
586.9	0.0044428
586.9	3.4082e-24
586.91	0.00047234
586.92	2.1459e-25
586.95	4.9499e-27
586.96	4.2585e-05
586.97	2.7018e-26
586.97	8.6848e-24
586.97	0.00010499
586.97	0.0016545
586.98	2.8682e-27
586.98	0.00083389
586.99	4.7791e-25
586.99	4.5294e-26
587	1.5716e-24
587	0.00011199
587.01	2.1133e-27
587.01	9.4089e-26
587.02	1.2874e-27
587.03	0.0032061
587.04	0.0001599
587.06	0.00057126
587.07	0.0016044
587.07	0.0018518
587.08	8.1814e-26
587.08	1.949e-26
587.08	0.00040942
587.1	2.7736e-26
587.1	1.1733e-28
587.11	0.0010337
587.12	0.0011045
587.13	1.1212e-26
587.15	5.3406e-27
587.16	2.4929e-24
587.16	0.00045056
587.16	2.0185e-23
587.16	1.5335e-25
587.16	2.4517e-25
587.17	0.00024164
587.17	0.0010324
587.17	0.0010475
587.17	0.00039048
587.18	0.00072299
587.18	0.0014619
587.25	0.002099
587.25	1.2053e-25
587.25	4.5869e-26
587.25	4.3193e-05
587.25	5.7029e-28
587.26	0.00011113
587.27	1.0942e-28
587.3	7.6541e-05
587.3	7.1732e-27
587.32	0.0010206
587.32	8.1526e-27
587.34	0.00041518
587.34	3.6688e-27
587.34	1.1268e-25
587.36	0.00048254
587.36	1.0652e-26
587.37	4.5891e-26
587.38	0.0018708
587.39	0.00093773
587.4	2.0334e-26
587.4	1.077e-26
587.41	0.00092892
587.41	0.00058949
587.42	0.00025653
587.42	2.4218e-25
587.42	3.1476e-25
587.42	4.3914e-25
587.43	0.00064214
587.43	5.0128e-22
587.43	0.00023639
587.45	0.0018969
587.45	9.3877e-27
587.45	0.0042923
587.46	0.0015578
587.46	0.0035697
587.47	3.5686e-24
587.47	0.0006569
587.49	3.7116e-26
587.5	8.4728e-27
587.51	0.0008492
587.52	1.9786e-25
587.52	0.00033966
587.53	0.00027431
587.54	3.4412e-26
587.56	0.0028593
587.57	0.00029025
587.57	5.2486e-26
587.57	0.0001005
587.58	3.0427e-25
587.58	5.5939e-28
587.59	0.0011627
587.59	3.0908e-27
587.6	3.2753e-25
587.6	6.82e-05
587.6	2.1819e-05
587.6	4.1587e-27
587.61	8.9958e-05
587.64	4.6499e-25
587.64	2.1667e-26
587.64	0.00031699
587.64	0.00039455
587.67	7.3024e-26
587.69	1.4379e-25
587.7	0.0020267
587.71	0.00043223
587.74	0.0025324
587.76	1.036e-26
587.77	3.2749e-05
587.78	1.1346e-26
587.8	9.3158e-26
587.81	0.00018472
587.81	7.6917e-26
587.81	1.2497e-05
587.82	1.9475e-26
587.82	0.0015665
587.82	3.1503e-24
587.83	0.0012231
587.84	4.1604e-27
587.85	2.8857e-24
587.86	0.00023444
587.87	0.00045527
587.89	0.00017326
587.89	7.7162e-28
587.9	4.3118e-27
587.91	9.7886e-28
587.92	4.7339e-26
587.92	0.0005884
587.93	3.5848e-26
587.94	0.00012739
587.95	2.102e-25
587.95	0.00012922
587.95	7.2521e-26
587.96	1.4534e-25
587.96	0.0012354
587.97	0.0016886
587.98	0.0010185
587.99	0.00049796
587.99	5.0767e-27
588	0.0010502
588.05	0.00066624
588.06	9.2347e-26
588.06	1.1756e-25
588.06	6.3697e-05
588.06	7.8733e-05
588.06	9.7404e-28
588.07	9.3911e-26
588.07	3.9209e-05
588.07	3.293e-28
588.09	1.1473e-24
588.09	0.0012016
588.11	2.5324e-24
588.11	0.0019866
588.11	0.00017732
588.12	0.0011123
588.12	8.4694e-26
588.13	0.00033521
588.13	4.8428e-25
588.16	2.4062e-27
588.16	0.002213
588.16	2.1159e-26
588.17	1.7627e-27
588.18	0.00027346
588.19	3.0146e-27
588.2	0.00060285
588.21	1.8117e-26
588.21	0.00023868
588.21	0.00070505
588.22	0.00047475
588.22	1.1792e-23
588.22	0.00021333
588.24	3.3672e-27
588.24	0.00013977
588.25	2.8098e-25
588.26	0.00091002
588.27	5.0507e-26
588.27	1.5424e-26
588.29	0.00054761
588.29	1.6918e-25
588.3	4.8918e-25
588.3	6.4681e-05
588.31	0.0012481
588.31	1.9182e-28
588.32	5.4735e-06
588.32	0.00098912
588.33	9.1523e-25
588.34	0.00019265
588.35	4.7614e-25
588.35	0.00073771
588.37	1.6367e-25
588.38	0.0016639
588.43	4.0676e-26
588.43	0.0002623
588.45	2.654e-26
588.46	9.579e-26
588.46	0.0010703
588.47	5.2507e-25
588.47	3.487e-05
588.47	8.5409e-26
588.47	2.7666e-27
588.48	0.00033519
588.49	0.0016358
588.53	2.5548e-25
588.53	0.00049318
588.55	1.1296e-25
588.56	0.00049724
588.57	8.9891e-27
588.57	0.0017404
588.59	2.3069e-24
588.59	0.0033335
588.6	1.0308e-27
588.63	0.0014092
588.63	1.261e-25
588.64	0.00017222
588.64	3.0436e-25
588.67	2.2208e-28
588.67	3.405e-26
588.68	0.00041631
588.68	0.00051746
588.68	1.3779e-25
588.69	0.00058742
588.69	2.1238e-26
588.7	0.00032624
588.71	7.5349e-26
588.72	0.0011427
588.73	0.0014231
588.74	3.3726e-24
588.74	2.1779e-26
588.75	0.0002604
588.75	0.00036933
588.76	5.3628e-26
588.77	2.8668e-25
588.78	0.002316
588.79	0.00091477
588.81	4.1751e-26
588.83	0.00017398
588.85	1.588e-26
588.85	0.0031478
588.87	0.00088079
588.9	1.6603e-25
588.9	0.00056964
588.92	6.1483e-28
588.95	3.412e-26
588.95	7.4579e-27
588.95	1.6667e-25
588.95	0.00011833
588.98	0.002488
588.98	0.0014397
589	0.00014381
589	1.9421e-25
589	5.617e-28
589.01	0.00039108
589.01	2.8949e-26
589.02	0.00045447
589.04	4.6037e-24
589.04	0.00013136
589.05	3.3019e-27
589.06	0.00045024
589.07	0.00061134
589.08	9.6487e-26
589.09	0.0018197
589.09	6.0592e-25
589.09	0.00014128
589.11	1.5961e-26
589.12	1.6539e-25
589.12	1.8726e-23
589.12	0.0002013
589.12	0.00011633
589.13	1.5863e-25
589.13	1.9423e-26
589.13	0.0012273
589.14	0.00017015
589.15	1.2099e-26
589.15	5.5292e-26
589.15	0.00015804
589.16	1.7077e-26
589.16	0.00029845
589.17	6.4143e-27
589.17	5.5073e-05
589.19	0.00037033
589.19	7.7538e-24
589.19	0.00021321
589.19	3.222e-27
589.2	0.0013125
589.2	9.2216e-25
589.21	0.00024112
589.21	0.00014619
589.23	7.7292e-26
589.24	0.00073424
589.25	2.6611e-27
589.28	1.7009e-27
589.3	1.0395e-23
589.3	2.8995e-05
589.3	1.2603e-26
589.31	0.00058774
589.31	1.5765e-26
589.34	0.0021946
589.34	1.8542e-24
589.34	0.00013984
589.34	0.0025243
589.36	0.0010179
589.37	1.4056e-26
589.38	0.00061029
589.41	7.4601e-25
589.41	0.00019741
589.42	9.4636e-26
589.42	0.0013479
589.44	1.6328e-28
589.48	9.1219e-27
589.48	1.6643e-25
589.48	0.00051038
589.49	3.6235e-24
589.49	2.6453e-25
589.49	0.00012053
589.49	0.00021224
589.5	0.0007011
589.5	6.5386e-25
589.5	0.00019754
589.5	0.00092858
589.51	6.4729e-26
589.52	0.0011437
589.53	1.1817e-27
589.56	2.7111e-24
589.56	0.00089061
589.56	6.2498e-05
589.57	1.7314e-24
589.57	0.00042515
589.59	2.3792e-27
589.59	1.1998e-26
589.6	0.00032501
589.61	0.00010806
589.61	4.715e-26
589.62	2.3269e-25
589.62	1.4813e-25
589.62	3.0161e-05
589.63	0.00047398
589.63	0.00033309
589.63	7.1007e-27
589.67	0.0021128
589.71	1.8671e-26
589.72	1.7513e-25
589.72	0.00018258
589.73	4.4664e-27
589.73	5.7427e-27
589.73	3.0917e-27
589.75	1.6259e-26
589.76	0.00072829
589.76	0.00086889
589.77	0.00386
589.77	0.00078681
589.78	0.0014659
589.78	4.6965e-27
589.8	8.0974e-28
589.81	0.0002579
589.82	6.0786e-26
589.82	4.0269e-26
589.83	6.8307e-25
589.83	0.00089703
589.83	0.00016
589.83	6.2571e-25
589.83	9.1646e-27
589.84	0.00056438
589.85	3.4535e-26
589.85	0.00035599
589.86	0.00023837
589.86	0.0016319
589.86	3.1707e-27
589.87	1.6763e-26
589.88	6.8235e-25
589.88	0.00084374
589.89	2.0986e-27
589.9	0.00010144
589.9	0.00023135
589.94	0.00064334
589.96	1.554e-27
589.96	0.00057794
589.99	1.8328e-25
590	0.00062561
590.01	2.9242e-25
590.01	7.2755e-27
590.01	0.00025263
590.02	2.2219e-25
590.03	3.7329e-25
590.04	0.00021229
590.04	0.001452
590.04	0.00054957
590.05	3.5014e-25
590.06	0.00031519
590.06	7.5339e-27
590.07	1.0583e-25
590.08	0.00015574
590.09	0.00071033
590.09	0.0039697
590.1	2.1551e-24
590.1	4.8941e-05
590.1	7.3879e-26
590.1	0.00021929
590.12	1.2789e-25
590.12	1.0057e-24
590.13	5.7764e-05
590.13	0.00072665
590.16	1.3296e-27
590.16	5.4951e-28
590.18	3.1632e-27
590.2	6.1372e-26
590.21	0.00056578
590.21	0.00078363
590.21	2.4258e-25
590.21	0.00058558
590.21	5.8636e-26
590.22	3.6491e-25
590.22	1.4895e-23
590.22	1.5279e-05
590.23	0.00096264
590.23	2.6026e-27
590.25	2.1394e-23
590.25	4.4698e-05
590.25	0.0024781
590.26	4.6857e-26
590.26	6.394e-27
590.26	1.8248e-23
590.26	7.0183e-05
590.27	0.00034724
590.27	2.5554e-25
590.27	3.8445e-26
590.27	0.00042423
590.27	0.00028776
590.29	1.1101e-26
590.3	0.0017645
590.3	0.0014547
590.31	8.9538e-05
590.31	0.00084691
590.34	6.2198e-28
590.35	0.0090388
590.36	8.348e-25
590.36	5.9306e-05
590.37	2.4783e-27
590.38	4.3521e-24
590.38	8.431e-25
590.38	0.00015518
590.39	0.00016966
590.39	1.5814e-26
590.39	0.00024738
590.41	0.00014839
590.43	0.0018219
590.47	1.2685e-26
590.48	1.3827e-26
590.48	0.00046548
590.5	0.00020433
590.5	4.2751e-26
590.53	1.829e-28
590.53	0.00090536
590.53	6.9475e-25
590.54	5.7941e-05
590.55	2.6726e-25
590.55	0.00042294
590.56	2.0806e-24
590.56	2.2465e-05
590.56	0.00054667
590.57	8.0924e-26
590.59	9.7401e-28
590.59	1.2046e-25
590.59	0.00061538
590.59	1.2167e-22
590.6	0.0011275
590.62	0.0022778
590.62	6.9337e-26
590.62	0.00022853
590.64	4.9556e-25
590.64	0.00026987
590.66	3.6702e-28
590.66	0.0016472
590.69	1.4737e-25
590.69	5.2982e-06
590.71	2.0938e-28
590.72	1.7608e-27
590.73	1.6477e-27
590.74	6.9865e-26
590.74	0.0001866
590.77	3.0711e-25
590.78	0.00029681
590.79	0.00034438
590.8	0.003282
590.81	4.2009e-27
590.82	0.000153
590.83	0.0011261
590.85	1.2256e-27
590.85	0.00040274
590.87	4.6303e-27
590.87	5.1773e-27
590.88	0.0013525
590.88	0.00061228
590.93	1.6968e-26
590.93	7.885e-25
590.93	8.9273e-05
590.94	9.2521e-28
590.94	0.00080351
590.94	0.0026634
590.95	7.7357e-26
590.95	9.4408e-25
590.95	0.0024596
590.96	9.1707e-05
590.96	0.00047162
590.98	1.4508e-26
590.98	1.1972e-25
590.99	0.00076041
591.02	1.517e-24
591.02	1.5886e-24
591.03	0.00017139
591.03	0.00054273
591.03	0.0023831
591.03	3.0653e-24
591.04	0.00042877
591.11	8.0126e-27
591.13	1.0911e-22
591.13	0.00040843
591.13	0.00019409
591.13	8.3568e-28
591.14	2.9323e-28
591.17	0.00043131
591.18	2.2422e-25
591.19	1.9975e-27
591.19	0.0011273
591.22	1.823e-25
591.22	0.00016003
591.22	2.3206e-27
591.24	1.1322e-24
591.24	0.00026443
591.24	9.9217e-26
591.24	4.0466e-25
591.24	0.00028368
591.24	0.00049517
591.24	2.064e-24
591.25	0.0002975
591.25	2.1865e-26
591.26	8.2436e-26
591.26	0.00014636
591.27	0.00092362
591.27	0.00098855
591.28	4.0199e-26
591.29	0.00013542
591.29	0.0015298
591.31	1.58e-24
591.31	0.00018619
591.32	4.2384e-26
591.35	0.0011016
591.38	0.0027103
591.39	1.8929e-25
591.39	3.9718e-06
591.39	6.1377e-25
591.4	0.0010122
591.42	5.0246e-26
591.42	4.9985e-28
591.44	0.0010304
591.44	0.0025671
591.44	2.0757e-24
591.45	0.00012602
591.45	1.4713e-27
591.46	5.6471e-27
591.46	5.8452e-06
591.49	6.0906e-27
591.5	0.00022468
591.51	5.5756e-26
591.53	1.9337e-25
591.54	0.00059267
591.55	0.0027787
591.58	1.2509e-26
591.59	4.4383e-05
591.6	1.0382e-24
591.6	0.00015124
591.61	1.9508e-26
591.63	0.00083426
591.66	0.0010668
591.66	3.8164e-25
591.66	7.68e-05
591.68	3.522e-27
591.68	6.3844e-26
591.68	4.9965e-26
591.68	0.0004844
591.71	1.4434e-26
591.72	0.0014316
591.72	0.0014652
591.73	6.9761e-26
591.74	1.3082e-26
591.74	0.00087227
591.74	8.2405e-26
591.75	1.3546e-26
591.75	0.00062661
591.76	0.0024779
591.76	1.8674e-26
591.76	3.7074e-07
591.78	0.0020134
591.81	8.8879e-27
591.82	4.6132e-25
591.82	3.67e-05
591.82	0.0025385
591.82	2.4113e-24
591.83	0.00041532
591.85	0.00038725
591.86	1.0414e-24
591.86	0.00026635
591.88	9.286e-26
591.88	0.00017527
591.89	5.1387e-27
591.89	7.4849e-26
591.91	0.00128
591.92	1.0159e-25
591.93	9.1882e-05
591.93	3.4133e-27
591.94	0.00045433
591.96	1.3495e-24
591.96	0.00058082
591.96	0.00050643
591.97	3.5666e-26
591.98	1.671e-25
591.98	0.00022061
591.98	0.00082539
591.98	2.1685e-25
591.99	0.00071536
592	9.1523e-28
592.02	0.00049149
592.04	1.7055e-25
592.05	0.000843
592.05	2.7303e-26
592.06	2.5907e-25
592.06	1.4406e-25
592.07	0.00090156
592.07	8.2979e-27
592.07	0.00035674
592.08	6.006e-05
592.08	0.0010812
592.09	7.4301e-26
592.09	1.5126e-24
592.09	0.00024999
592.1	0.00024315
592.1	1.9065e-25
592.1	0.00013778
592.13	1.8292e-26
592.14	4.6562e-24
592.14	0.0001139
592.18	0.0030591
592.22	3.2837e-26
592.22	7.3134e-26
592.23	0.00064151
592.23	0.00059199
592.24	8.9247e-28
592.26	1.3672e-26
592.26	3.7859e-25
592.26	3.8822e-05
592.26	1.5173e-24
592.26	0.00029457
592.27	2.3309e-26
592.28	0.0006635
592.28	0.00069796
592.28	0.00030348
592.3	1.2395e-28
592.31	0.00023163
592.31	1.0938e-25
592.32	0.00087512
592.32	3.3729e-24
592.32	0.0002363
592.33	3.8031e-25
592.33	4.0765e-27
592.34	0.00084118
592.36	7.1567e-25
592.37	0.00032755
592.37	4.8335e-26
592.38	1.1977e-24
592.38	0.0004792
592.39	1.013e-26
592.39	0.00066973
592.4	7.9604e-26
592.4	0.00060984
592.41	0.00060188
592.41	0.00031214
592.42	5.3242e-27
592.45	0.00079547
592.47	6.6476e-25
592.48	7.4182e-29
592.49	1.2246e-26
592.49	0.0022973
592.5	4.8041e-24
592.5	1.8565e-05
592.5	5.002e-05
592.51	4.8497e-28
592.51	0.00035079
592.53	2.7606e-26
592.55	2.1321e-25
592.55	6.7282e-05
592.55	3.0982e-25
592.55	6.9958e-05
592.56	0.0003032
592.56	2.7115e-27
592.57	7.29e-25
592.57	1.3045e-26
592.57	0.00017753
592.59	3.5023e-05
592.6	0.00077809
592.6	8.7866e-25
592.61	6.1537e-05
592.62	0.00035267
592.65	3.2229e-24
592.65	2.5989e-05
592.66	2.9559e-27
592.68	0.00053178
592.7	2.9677e-27
592.71	0.00015701
592.72	7.1051e-26
592.72	0.00030219
592.73	1.4352e-25
592.74	0.0010418
592.74	7.8705e-25
592.75	9.7929e-05
592.76	9.7936e-26
592.76	2.3114e-26
592.77	0.00061
592.77	6.7327e-25
592.78	0.00069523
592.79	2.5743e-25
592.79	0.0011775
592.82	0.0022809
592.87	8.7119e-26
592.88	0.00044607
592.88	8.1448e-26
592.88	1.3335e-26
592.89	0.00034848
592.89	3.3554e-26
592.89	1.4966e-24
592.89	0.00023533
592.9	0.00079302
592.91	0.00026771
592.91	8.8335e-26
592.91	0.00011496
592.94	1.6232e-27
592.94	2.0146e-24
592.95	8.8589e-05
592.95	5.4888e-05
592.95	3.2025e-25
592.96	0.00031145
592.96	1.6968e-25
592.97	3.5914e-26
592.98	0.0017988
592.98	0.00015293
593.01	2.7447e-25
593.01	3.4962e-05
593.01	1.8427e-25
593.02	0.00025004
593.04	2.1551e-26
593.05	1.0166e-25
593.06	2.8518e-05
593.06	0.00040719
593.07	2.703e-26
593.08	1.0683e-25
593.08	8.5574e-06
593.08	1.5625e-25
593.09	0.0004691
593.11	1.9183e-25
593.12	5.8894e-05
593.13	0.00065296
593.19	5.6639e-27
593.2	1.6546e-26
593.22	0.00052902
593.23	5.335e-26
593.23	4.3202e-26
593.24	0.00026281
593.24	0.00086993
593.25	4.6242e-27
593.25	6.1672e-26
593.25	7.4826e-26
593.26	3.3148e-26
593.27	0.00062815
593.27	0.00036697
593.27	2.8905e-20
593.27	0.00097522
593.27	0.00062577
593.27	0.00010607
593.28	0.00078341
593.31	1.2487e-25
593.31	9.8575e-26
593.32	0.0014354
593.33	7.3038e-27
593.35	5.088e-25
593.35	1.7884e-05
593.35	0.0022716
593.35	7.6075e-25
593.35	2.1567e-24
593.36	3.1139e-25
593.36	0.0003695
593.36	0.00042483
593.36	0.00055412
593.38	3.0127e-27
593.39	1.6441e-27
593.41	0.0006303
593.41	0.0037623
593.42	0.00078647
593.44	2.5077e-26
593.45	0.00048884
593.48	2.0881e-25
593.49	0.00041921
593.53	7.7272e-26
593.53	2.9753e-27
593.54	0.00030169
593.55	1.4384e-23
593.55	1.1692e-05
593.56	1.8583e-25
593.57	8.1577e-05
593.57	9.7859e-26
593.57	1.2527e-27
593.58	0.00016609
593.6	0.00013161
593.61	5.3858e-27
593.63	1.1283e-26
593.63	0.00206
593.64	0.00019414
593.66	0.0021932
593.66	3.8919e-26
593.66	0.00012271
593.67	5.0154e-26
593.67	0.00030038
593.69	5.1296e-27
593.69	5.1628e-26
593.69	4.9993e-05
593.7	1.9208e-26
593.7	0.00017655
593.71	0.0006315
593.72	1.5226e-25
593.72	5.5664e-26
593.72	6.0084e-25
593.72	1.8453e-24
593.72	0.00027249
593.73	0.00022957
593.73	0.00027363
593.74	0.00017081
593.74	5.2127e-26
593.75	0.00014514
593.76	1.2862e-27
593.76	7.5357e-27
593.77	2.1259e-26
593.77	3.1137e-28
593.78	0.00026919
593.79	0.00074909
593.81	1.2148e-25
593.81	0.00052589
593.81	9.1096e-06
593.81	3.1346e-25
593.81	8.4962e-05
593.82	2.1747e-26
593.82	0.0012942
593.85	1.0896e-28
593.86	0.0034575
593.86	3.3766e-24
593.88	7.8703e-27
593.89	5.0964e-27
593.89	7.5778e-05
593.89	1.3537e-26
593.89	3.3173e-26
593.89	2.7955e-26
593.9	1.6364e-05
593.9	4.8478e-05
593.91	6.6539e-24
593.91	2.6355e-05
593.91	0.00034123
593.92	0.00054301
593.92	5.448e-05
593.94	1.1093e-26
593.94	0.0012685
593.95	1.5961e-27
593.96	7.1393e-28
593.96	0.00021315
593.97	2.2018e-25
593.97	7.21e-05
593.97	4.258e-05
593.97	3.1613e-05
594.01	6.8458e-26
594.02	0.00016368
594.03	1.6338e-26
594.05	0.00043073
594.08	1.507e-28
594.08	1.2243e-27
594.09	1.3476e-26
594.09	9.9711e-05
594.09	0.00024528
594.1	6.2124e-27
594.12	4.8585e-05
594.12	2.9141e-26
594.14	4.8751e-27
594.14	0.00094961
594.14	0.00013245
594.15	0.00071857
594.16	4.3959e-26
594.16	4.2098e-05
594.18	1.7421e-26
594.19	6.6404e-25
594.19	3.3263e-05
594.19	0.00083492
594.21	4.4333e-26
594.22	0.00066801
594.24	2.1206e-26
594.24	1.8795e-26
594.24	2.7244e-27
594.25	0.00013489
594.25	8.6775e-27
594.26	6.2998e-27
594.26	0.00018693
594.26	0.0003
594.28	0.00044775
594.28	0.00070242
594.29	1.3948e-26
594.29	6.4041e-26
594.3	9.2085e-05
594.31	0.0010777
594.32	5.3277e-27
594.32	1.5128e-27
594.33	3.7181e-26
594.33	0.00028074
594.34	9.4345e-05
594.35	0.00051792
594.35	1.1339e-26
594.35	5.6214e-26
594.36	1.4154e-27
594.37	0.00035742
594.37	0.0012512
594.4	8.5433e-27
594.41	0.0016803
594.42	1.3228e-25
594.43	0.0021175
594.44	1.1634e-25
594.44	0.00034645
594.46	0.00026164
594.46	1.1964e-26
594.46	1.3574e-25
594.46	1.5118e-05
594.47	8.4583e-05
594.47	3.682e-25
594.48	2.1719e-26
594.48	0.00039309
594.48	2.5579e-25
594.48	2.3384e-24
594.49	0.00046819
594.49	2.5983e-26
594.5	8.363e-05
594.5	3.2729e-27
594.5	0.00029081
594.5	3.3627e-26
594.51	6.2713e-05
594.52	0.00093572
594.52	0.00083068
594.57	1.0887e-26
594.57	0.00024291
594.58	9.7732e-26
594.58	0.00011201
594.61	8.9076e-27
594.61	2.0807e-27
594.62	0.00013609
594.63	5.7039e-26
594.63	2.0537e-06
594.63	0.00078207
594.64	3.1251e-26
594.66	0.0001282
594.68	4.426e-26
594.68	1.1914e-27
594.69	0.00011517
594.7	9.957e-25
594.7	2.1526e-05
594.71	1.0427e-26
594.71	3.0745e-26
594.72	4.7639e-05
594.72	3.4544e-26
594.73	0.0012207
594.74	0.0001842
594.75	0.00032637
594.77	1.0791e-27
594.78	0.00049102
594.8	5.8233e-25
594.81	1.2568e-26
594.81	0.00030835
594.82	6.1238e-05
594.83	2.0004e-25
594.84	0.00066259
594.85	5.9247e-24
594.85	0.0003229
594.86	1.1917e-27
594.88	2.9962e-27
594.9	0.00087389
594.9	9.1825e-26
594.91	0.00057333
594.92	1.3569e-25
594.92	0.0010247
594.92	0.00016293
594.92	7.1385e-26
594.93	1.3896e-25
594.94	0.0007542
594.95	0.00048306
594.96	6.7143e-28
594.96	5.4885e-27
594.97	0.00034075
594.98	3.3747e-28
595	1.24e-26
595	0.00028306
595.01	4.5609e-26
595.02	0.00022123
595.02	2.1426e-26
595.03	5.9186e-24
595.03	9.2109e-05
595.03	1.6019e-05
595.06	0.00051648
595.06	5.1242e-26
595.07	3.2722e-26
595.07	0.00034851
595.08	0.0013326
595.08	0.00017992
595.1	5.0083e-26
595.1	1.1454e-06
595.11	3.5936e-26
595.13	9.589e-28
595.13	0.0020966
595.14	5.3535e-27
595.16	0.0018161
595.16	1.8027e-24
595.18	1.5513e-28
595.18	2.1068e-27
595.19	0.00010631
595.19	0.00077495
595.2	6.1524e-26
595.2	6.1712e-28
595.21	0.0002928
595.21	0.001055
595.22	0.00019307
595.22	2.0381e-27
595.25	3.9688e-26
595.25	0.0002099
595.26	1.2694e-28
595.27	0.00033421
595.29	0.00039519
595.29	0.00047462
595.3	2.4478e-26
595.31	0.00084123
595.32	2.0771e-25
595.32	0.00023446
595.33	4.0845e-26
595.34	3.4432e-26
595.35	0.00076579
595.35	0.00056282
595.38	1.5871e-26
595.38	5.275e-26
595.38	0.00011506
595.38	9.8298e-27
595.39	0.00025319
595.4	1.5516e-26
595.4	3.1081e-05
595.41	0.00033655
595.42	8.8454e-28
595.45	1.4006e-24
595.46	0.00060501
595.47	2.2203e-28
595.49	6.5969e-27
595.51	0.0023287
595.52	1.7597e-26
595.52	1.7703e-05
595.52	0.00064125
595.53	5.9803e-26
595.53	0.00019816
595.54	1.5863e-26
595.55	3.5852e-26
595.56	4.9082e-26
595.56	1.7942e-25
595.56	1.0118e-23
595.56	2.345e-05
595.56	0.00023381
595.56	3.1797e-26
595.56	0.00014632
595.57	0.00044369
595.6	1.4617e-24
595.6	0.00082226
595.6	1.6462e-26
595.6	0.0020503
595.61	0.00010389
595.62	5.2015e-24
595.62	2.9126e-05
595.64	4.2431e-26
595.64	1.9472e-27
595.65	0.00037121
595.65	0.0010135
595.66	0.0007267
595.66	4.4223e-25
595.66	0.0001819
595.67	1.9562e-26
595.68	2.5493e-05
595.68	5.8727e-26
595.69	1.8251e-28
595.69	6.1447e-26
595.7	0.0018501
595.71	0.0014605
595.71	6.369e-25
595.71	6.0272e-05
595.72	2.7981e-25
595.72	0.00016243
595.73	1.1678e-26
595.74	0.0011682
595.75	0.0017154
595.82	1.3017e-27
595.82	1.2407e-27
595.83	1.785e-24
595.84	6.3904e-05
595.84	0.0027518
595.84	0.00013082
595.86	1.4421e-26
595.86	4.7881e-27
595.87	0.0016107
595.87	9.7591e-27
595.88	0.00094851
595.88	0.00021991
595.9	0.0014612
595.94	3.0711e-26
595.94	0.00014826
595.94	7.9032e-26
595.97	1.7643e-26
595.97	2.7793e-27
595.97	1.0771e-05
595.99	0.00036721
596	0.0012148
596	2.1909e-26
596.02	1.4721e-25
596.03	0.0012052
596.06	0.0024654
596.07	1.3938e-24
596.07	8.1416e-06
596.08	6.8293e-26
596.08	6.8569e-26
596.08	5.0319e-26
596.09	0.00012073
596.09	4.0339e-27
596.1	3.5874e-27
596.1	0.00044747
596.1	0.00029035
596.11	0.0011425
596.13	0.00075807
596.14	8.8808e-28
596.14	4.2329e-27
596.14	7.3721e-27
596.14	5.4495e-06
596.16	0.0019271
596.18	1.3897e-24
596.18	4.485e-26
596.18	0.0006959
596.19	3.221e-26
596.2	6.708e-26
596.21	0.0015265
596.21	0.0014961
596.22	0.00019339
596.23	0.0014291
596.23	2.083e-26
596.26	0.00046558
596.27	1.3359e-24
596.27	0.00014821
596.27	2.2477e-24
596.28	0.00013048
596.29	2.431e-24
596.3	0.00017607
596.31	6.8702e-26
596.31	6.5395e-06
596.31	1.6901e-25
596.31	7.1466e-05
596.32	6.042e-26
596.33	1.0781e-26
596.33	0.00039965
596.34	0.001074
596.38	7.237e-27
596.38	0.00010645
596.39	4.7548e-26
596.42	4.8329e-26
596.42	3.7216e-26
596.43	0.00035418
596.43	7.058e-26
596.44	0.00026111
596.44	0.0018904
596.48	0.0014449
596.49	2.5433e-25
596.5	0.00050837
596.53	4.4264e-27
596.55	0.0017205
596.55	1.5225e-25
596.55	0.00012793
596.62	9.1669e-26
596.62	5.2017e-26
596.62	3.2089e-05
596.62	5.4604e-27
596.62	4.7639e-05
596.63	0.0015483
596.63	4.4627e-26
596.63	6.1132e-06
596.64	1.0857e-25
596.65	3.0986e-25
596.65	0.00064346
596.66	0.00037999
596.67	3.7256e-25
596.67	0.00012503
596.71	9.2882e-27
596.73	1.5511e-27
596.74	4.7234e-26
596.74	0.0001859
596.76	0.00098189
596.77	4.3797e-26
596.78	0.00097748
596.79	0.000702
596.8	1.4263e-27
596.87	7.756e-27
596.87	0.00031144
596.88	5.5702e-27
596.89	2.0988e-26
596.89	1.8766e-26
596.89	0.00025083
596.9	0.00080159
596.91	0.00084114
596.91	4.589e-27
596.93	0.0013437
596.94	0.00013169
596.95	1.0822e-24
596.96	0.00039612
597	1.6193e-24
597	6.6746e-27
597	0.00030672
597.01	0.00015496
597.04	6.3558e-26
597.05	1.3857e-24
597.05	0.00023203
597.05	5.3852e-27
597.07	0.00063373
597.09	1.3996e-25
597.1	5.6618e-05
597.12	0.0017221
597.12	8.2684e-29
597.12	0.00013109
597.13	5.288e-27
597.17	6.7189e-26
597.19	0.0010388
597.19	0.00044849
597.23	1.7618e-26
597.24	5.7937e-26
597.24	0.00041755
597.28	2.0888e-24
597.28	0.00013389
597.28	0.00065315
597.28	1.7966e-25
597.29	9.4929e-26
597.29	0.00020777
597.3	6.7481e-25
597.3	0.0004957
597.3	0.00013289
597.33	3.7309e-27
597.35	1.6003e-26
597.36	5.6839e-24
597.36	0.00012549
597.36	1.4027e-25
597.37	4.417e-26
597.38	0.0011346
597.39	0.0014752
597.39	0.0014734
597.39	1.428e-25
597.4	1.1978e-23
597.4	2.7718e-05
597.4	6.4244e-05
597.41	0.001859
597.52	4.1862e-24
597.52	8.6051e-05
597.56	3.8414e-25
597.57	0.00030331
597.57	6.1944e-26
597.58	1.7683e-28
597.58	0.00044627
597.59	4.8918e-05
597.62	1.7774e-24
597.63	0.00025984
597.66	5.6644e-25
597.67	0.00030142
597.73	1.9767e-28
597.73	2.5651e-25
597.74	9.1927e-05
597.74	0.00074336
597.76	9.6666e-25
597.76	2.7796e-26
597.76	0.00011578
597.77	0.0013155
597.8	3.7879e-25
597.81	0.0013863
597.83	1.3628e-25
597.84	0.00054496
597.86	6.9958e-23
597.86	4.2907e-26
597.86	8.8998e-05
597.87	0.00029022
597.92	9.4154e-26
597.92	4.4829e-06
597.93	1.7516e-25
597.93	0.00070411
597.98	4.6264e-28
597.99	0.0013549
598.04	1.265e-25
598.06	1.9432e-25
598.06	0.00091793
598.06	4.8794e-05
598.07	2.4156e-25
598.08	1.0611e-24
598.08	0.00034103
598.08	0.00032119
598.12	8.7663e-27
598.12	0.00023936
598.14	4.9696e-25
598.15	7.5157e-05
598.19	1.3359e-26
598.2	5.0155e-26
598.21	1.4155e-25
598.22	0.000398
598.23	0.0010612
598.24	0.0010659
598.24	1.057e-25
598.24	3.4833e-27
598.25	5.8245e-25
598.25	6.0035e-05
598.26	0.0011786
598.27	2.754e-27
598.28	0.00042715
598.28	1.7263e-27
598.29	6.5733e-05
598.31	0.006165
598.35	6.0156e-25
598.36	7.4191e-05
598.38	2.0199e-28
598.39	0.00041988
598.39	8.6943e-27
598.41	0.00020862
598.41	1.4456e-25
598.41	0.00015518
598.42	1.5313e-24
598.42	0.00024944
598.48	1.0978e-26
598.49	9.9395e-27
598.49	0.00083364
598.51	6.599e-26
598.51	0.0018684
598.59	1.7098e-24
598.59	6.5285e-05
598.59	0.0095455
598.61	1.2407e-23
598.61	0.00015419
598.63	1.0618e-24
598.63	0.00016431
598.64	1.3104e-26
598.66	0.00072597
598.76	2.6709e-27
598.76	2.7025e-23
598.76	2.4013e-05
598.76	3.2952e-05
598.81	3.1398e-25
598.82	0.0001541
598.82	3.6907e-25
598.84	0.00056664
598.85	5.4967e-25
598.86	0.00078512
598.88	3.2e-26
598.91	0.0014378
598.91	7.5568e-26
598.92	1.0644e-27
598.93	7.3887e-05
598.94	2.2315e-26
598.95	0.00017052
598.98	2.5139e-27
599	0.0030872
599	0.00067912
599.03	2.992e-25
599.03	0.00013145
599.04	1.8219e-25
599.06	0.00031049
599.16	7.6134e-27
599.17	2.754e-25
599.17	4.1651e-05
599.17	0.00039923
599.19	1.2617e-26
599.2	0.00024086
599.23	3.5079e-26
599.24	0.00053171
599.35	4.1026e-27
599.37	0.00036457
599.38	3.1444e-25
599.38	0.00011815
599.4	3.2527e-28
599.42	0.0011492
599.45	9.8304e-26
599.47	1.6822e-25
599.48	0.001093
599.48	0.0011928
599.49	2.4193e-25
599.49	0.00013686
599.5	4.6318e-26
599.5	1.3272e-25
599.5	0.00060181
599.5	2.763e-24
599.51	0.00031167
599.51	1.146e-23
599.51	1.2957e-23
599.51	0.00037227
599.51	0.00019772
599.51	0.00031635
599.54	4.6627e-25
599.56	0.0013107
599.57	1.6656e-26
599.58	0.0002
599.58	6.1251e-28
599.63	0.0010443
599.66	3.1957e-25
599.68	0.0014284
599.69	7.6794e-25
599.7	0.00054361
599.72	1.281e-26
599.73	0.00040359
599.74	5.0701e-28
599.75	3.814e-05
599.79	9.7306e-28
599.81	0.00031164
599.82	8.2469e-25
599.82	8.7455e-05
599.83	1.5925e-26
599.86	0.00071176
599.94	2.9791e-26
599.94	6.2719e-05
599.94	4.5829e-26
599.96	1.5555e-27
599.96	0.00047849
599.97	0.0013659
599.98	1.2201e-27
